27
C2	C2H2	C2H4	CH	CH4	CN	CO	CO2	CS	H2	H2CO	H2O	H2O2	H2S	HCN	N2	N2O	NH	NH3	NO	NO2	NS	O	O2	OH	SH	SO2	He	
1e-08	6000.0	1.3758783932206147e-20	5.655811565885968e-30	1.6301364470522385e-35	1.112363358034727e-16	9.409944132837243e-33	2.126246093392041e-21	7.928343441802234e-18	1.3247418214273326e-35	2.9771404816938733e-27	3.384156083116578e-11	6.720795486238732e-35	0.0	3.5741121467952056e-43	3.928923177310827e-34	1.7973635466631812e-31	2.85823638884685e-19	1.200463442767158e-38	1.3324171997596611e-20	0.0	1.829829111647716e-24	0.0	2.077460423831968e-31	2.1237206044573883e-06	1.104463016469628e-22	1.4638535987001443e-16	4.910877951043394e-23	3.236270106645059e-36	0.0303116173235392	
1.18529240984469e-08	5923.247391757985	4.485559219939107e-19	0.0	0.0	1.1039748927423735e-15	7.180164290794183e-25	0.0	0.0	0.0	6.952451387259737e-23	1.1345127285117583e-10	0.0	1.75241257520508e-23	2.4740758964350547e-39	0.0	0.0	0.0	0.0	1.8896977981166733e-19	1.7764219980062729e-37	0.0	3.7039082896997135e-37	1.1603766473953255e-27	1.1560625814590126e-05	1.0732617743597853e-20	2.6986323161452077e-15	0.0	0.0	0.0399438151936218	
1.40491809683545e-08	5167.077716477454	1.2684631702695858e-15	2.6672818570299924e-24	8.846173940244462e-27	4.224924986127433e-13	6.737127531559855e-30	2.3573619738788047e-14	9.927951425851592e-13	5.125298016588096e-28	0.0	2.296268355063539e-08	4.033724037936574e-29	7.809529269862601e-20	0.0	0.0	2.0216668174980077e-21	3.342955452426181e-14	5.094311742264768e-30	2.382327914622082e-16	2.1641479840561656e-31	7.172683064337504e-18	0.0	0.0	4.770090478399728e-05	4.683946108592605e-17	2.261349219008247e-12	2.6893940826294323e-18	1.181284473284083e-28	0.051700455328817	
1.66523875663252e-08	4270.795539812707	1.5355619127358804e-12	3.1907110766534894e-22	2.2882620474311016e-26	6.326606626697476e-11	1.2680266501183274e-27	1.3796632847848473e-11	3.4904421095112407e-10	1.8046225456455692e-23	5.995137997284563e-15	2.915469663422375e-06	1.2540069577273946e-25	3.4792682345152826e-15	1.1432534788464423e-28	1.6661977084467377e-19	1.8041756275424916e-16	1.2154894427325882e-11	1.8891950864496715e-25	1.7622931731428142e-13	1.1702869224873037e-25	1.08585944074697e-13	5.639219879321495e-26	1.892398439171125e-18	0.0001272137546609	5.5857815220031435e-14	7.571394576575056e-10	4.260210516598428e-13	0.0	0.0632771310011777	
1.97379485881576e-08	3208.439078732896	3.093436440486606e-10	7.730417861523971e-17	5.9126277327591885e-31	9.593687670933548e-10	9.694505966282101e-24	5.901113180104931e-10	2.024129557246986e-08	6.208545093048358e-19	1.0386677022820685e-12	7.738181914838664e-05	3.1123589785621494e-22	6.951845171641496e-12	7.3816627862507905e-25	1.513901663660065e-16	3.822939941218649e-13	9.340623555981043e-10	2.529570921703529e-21	3.4157159046529016e-11	6.880811193350146e-21	1.512307754336371e-10	1.0384376682994749e-21	6.156362890318299e-15	0.0002333730294447	8.286639353579267e-12	3.51157634271692e-08	2.7367687419366183e-11	2.1017578670705584e-20	0.0729164372353621	
2.33952406474482e-08	2347.053717715271	2.091771346088214e-09	1.7125674648548864e-13	1.0846058117028915e-26	2.057653277072324e-09	5.262312029722628e-21	6.273443581182828e-09	3.137109804995848e-07	3.3458216548128536e-14	1.2313854320062669e-11	0.0005536492586881	1.0002932541641952e-19	9.609959047980932e-10	2.091758895414492e-23	2.3131057675589037e-15	7.079657210341597e-11	2.633802705296157e-08	1.439457752639512e-17	5.489422525216946e-10	2.9268055407538294e-18	1.6793023231731606e-08	1.6342317219647551e-19	1.3338391405381037e-12	0.0003221326950357	2.4161881182473656e-10	3.172038534912126e-07	1.4031749353315154e-10	3.132232214256828e-17	0.0791291299212794	
2.77302011659106e-08	1765.7163002885895	1.658289445268132e-09	2.183307728536104e-11	1.5757432149610139e-24	1.8462246635453711e-09	4.189825398273267e-19	3.867711750542525e-08	2.427842017505034e-06	2.010150868389465e-11	5.4238361115510437e-11	0.0024875270789011	6.7121179031818196e-18	4.97733258751476e-08	1.4740177892902275e-22	6.27828949735524e-15	4.530473042071561e-09	2.792097363786489e-07	7.646835098100473e-16	7.572775303802711e-10	4.3087325025203405e-17	1.508248272979918e-07	7.347569432512011e-19	1.540304427602029e-11	0.0003777215501939	3.887608873245398e-09	1.4926731738705511e-06	2.340105375312184e-10	7.932022129187686e-15	0.0827103637520623	
3.28683969654205e-08	1454.702329377856	7.516727112355028e-10	2.990076891224445e-10	4.685184140188992e-22	1.4151882008402974e-09	1.2112408369556364e-17	1.4983313256999186e-07	1.1875569839500965e-05	1.0599711453741274e-09	2.3967315611692187e-10	0.0080151669784612	1.6352383043588814e-16	9.547591392638743e-07	3.632796642808545e-21	1.0625986193708179e-14	8.08157520545382e-08	1.5222990938577011e-06	5.443620052034798e-15	4.3349566146977205e-10	1.844160457971864e-15	5.969044810524382e-07	1.362455459432102e-18	3.1414007346387346e-11	0.0004029176134678	3.326789948854729e-08	4.669021020865343e-06	2.843990008170483e-10	3.702035571033762e-13	0.0850393550035111	
3.89586614468756e-08	1321.5014522095948	2.2083498449662152e-10	7.031295977080999e-10	7.034447695018601e-21	1.4041177875414792e-09	1.9649863750650476e-16	3.557781864364271e-07	4.054127799998671e-05	1.64440087913977e-08	7.61074354812e-10	0.0199126771886349	1.7499902768615425e-15	7.492660820543056e-06	3.880237642782449e-20	2.4513879804277993e-14	5.466176183534634e-07	5.1077202681720905e-06	2.508387205508081e-14	4.1921656667621614e-10	1.2948024398577536e-13	1.5161295534017995e-06	2.7723180491473043e-18	4.9154925602045294e-11	0.0003920810476655	1.3057957473884054e-07	1.081009879403956e-05	4.1804246389432205e-10	4.897437987049417e-12	0.0871879348515194	
4.6177405710690994e-08	1200.2959735478128	4.235817185721622e-11	5.34525076081261e-10	5.422862200118632e-20	8.263140226522228e-10	8.785917970664609e-16	5.064854908580867e-07	9.249910131203544e-05	1.1680976213216417e-07	1.4687964967802903e-09	0.0380820321801027	5.866037755564189e-15	2.951898985814993e-05	1.9928456022607577e-19	2.930780499257168e-14	1.6181250029949142e-06	1.1091322345099033e-05	5.3100034427552736e-14	2.7178924573721686e-10	2.148012160608432e-12	2.502440634785842e-06	2.282480522403921e-18	5.2757019871042535e-11	0.0003394893230474	3.336765270901612e-07	1.7129927323719784e-05	4.284256504447026e-10	2.9069666609143096e-11	0.0895537527921883	
5.47337284952012e-08	1122.784341581393	8.79115422345364e-12	2.8206910146594505e-10	1.5737312176972524e-19	4.2163288538121146e-10	1.8810216088498586e-15	4.881859371986127e-07	0.0001487338488948	3.814841573230789e-07	1.883819583612019e-09	0.0591565909513561	8.918760049965051e-15	6.603789266327128e-05	5.07037172817312e-19	3.1307406777549114e-14	2.638204930975376e-06	1.747911030962021e-05	7.121798980568414e-14	1.7908840654201506e-10	8.530026290430873e-12	3.04771093645576e-06	1.429220715839496e-18	5.627204691358424e-11	0.0002687912479074	5.140974618797378e-07	2.0563516761657665e-05	4.2156261375636813e-10	8.5732404822885e-11	0.0919426269581658	
6.487547294786269e-08	1067.1067239169524	1.839714451717093e-12	1.2795834877490463e-10	2.4606664067460307e-19	1.9661625975347327e-10	2.627621065883514e-15	3.742438922678171e-07	0.000193697501245	7.992383216997019e-07	1.893747177270155e-09	0.08140439866669	8.706337665783481e-15	0.0001091380414271	8.745487393646991e-19	3.122904801573389e-14	3.072617173809232e-06	2.32306675610213e-05	7.085229788218588e-14	1.1463305207487207e-10	1.566479235479756e-11	3.1186818580856888e-06	7.756811407740183e-19	5.98863066941652e-11	0.0002037846389619	5.991930519633542e-07	2.116875498774045e-05	4.041105509342713e-10	1.7243946781384495e-10	0.0942925540081846	
7.6896405670187e-08	1017.9278623189048	3.678914616413234e-13	5.361187324890735e-11	2.792833894702829e-19	8.267058100292117e-11	2.752180030189217e-15	2.540905868219729e-07	0.0002254774026991	1.307631458614172e-06	1.6609184294003496e-09	0.1046939131931252	6.460558163454078e-15	0.000152909122201	1.249228342408272e-18	2.7628777746814894e-14	2.9697478288543864e-06	2.8139342457432677e-05	5.6664681659298685e-14	6.668772821388405e-11	1.976366277487911e-11	2.852822406607108e-06	3.614521229899981e-19	6.021418858476351e-11	0.000151499301608	6.231240477500686e-07	1.99895874430098e-05	3.6276754115344193e-10	2.8387968019673036e-10	0.0966374757248965	
9.114472598521169e-08	989.6948760354708	8.37382210110295e-14	2.403734955262384e-11	2.1975821884119005e-19	4.0450451942387176e-11	3.067227749516862e-15	1.5881631247805738e-07	0.0002478643822835	1.7700645951172452e-06	1.349706686044919e-09	0.1296775152587625	4.742774610100778e-15	0.0001964702425556	1.4522220453446297e-18	3.0199724177074515e-14	2.632892382495918e-06	3.22299173149234e-05	3.81852965335444e-14	4.0980418393192936e-11	1.8598211416404708e-11	2.3948323062662386e-06	1.926834505646872e-19	6.57074133525622e-11	0.0001091391825717	5.230738138530052e-07	1.7919295248397195e-05	3.7070945844455487e-10	3.8888234991564245e-10	0.0990586812902673	
1.080331519076466e-07	961.530850003989	1.9025177265267034e-14	1.1096204218463363e-11	1.7326538132763725e-19	1.8978690653771828e-11	3.118907892014945e-15	9.852814272047493e-08	0.0002646989504001	2.176584880669736e-06	1.056080004840495e-09	0.1569117588838663	3.1518778708695174e-15	0.0002357729467341	1.554259502596711e-18	3.0937817552580814e-14	2.2649815419635976e-06	3.5640357689701335e-05	2.3349659472767308e-14	2.397778888965962e-11	1.6029793136586178e-11	1.884754887517547e-06	9.332168003169884e-20	6.984485979927707e-11	7.688276686740545e-05	4.1613725489806643e-07	1.5339430243817566e-05	3.641198778984717e-10	4.851154516587051e-10	0.1016292830465307	
1.280508749677332e-07	942.1404629942184	4.780927956279535e-15	5.7478795504213016e-12	1.2112420755158517e-19	9.755574423638508e-12	3.3595199711129275e-15	6.227659127910767e-08	0.0002785109940978	2.4625776223650736e-06	8.174454627090114e-10	0.1865699176183664	2.125546495418788e-15	0.0002704504198765	1.4792853157909721e-18	3.5367750460575404e-14	1.989123779154137e-06	3.849830524525835e-05	1.3548680024513382e-14	1.4889625667711755e-11	1.2835690292926243e-11	1.4119403691022409e-06	4.746825681904208e-20	7.872316343971626e-11	5.260465699922835e-05	2.923711689058339e-07	1.265675449499652e-05	3.8205061573066506e-10	5.453534480455242e-10	0.1043748073116164	
1.517777301732271e-07	925.7787427962104	1.3049379382684464e-15	3.687292398073591e-12	1.0759533481883545e-19	5.161753413090887e-12	3.629001026610742e-15	4.153721549585932e-08	0.0002908033888356	2.640623282799788e-06	6.426009989982982e-10	0.2186877709647973	1.4172721763302114e-15	0.0002997979104034	1.322891783787382e-18	4.157789976292655e-14	1.835361324806612e-06	4.0953296091297496e-05	7.784757861900836e-15	9.618202418221585e-12	1.0305111489520896e-11	1.0236783658352084e-06	2.419517566535272e-20	9.244278841549078e-11	3.536086579003234e-05	1.93381703379936e-07	1.0164719505796288e-05	4.072428707999456e-10	5.770079816399527e-10	0.1073090070157557	
1.7990099155778248e-07	911.9554448275304	4.208719670564878e-16	3.410478390130598e-12	1.094074845017814e-19	2.8219155958983066e-12	3.950191148711019e-15	2.9438865922837357e-08	0.0003023330111173	2.723687725939747e-06	5.246035433599165e-10	0.2529689726170627	9.492239028875046e-16	0.000324532985501	1.123111331197155e-18	5.0210086439041753e-14	1.7944588618122712e-06	4.311191991112747e-05	4.543570849864717e-15	6.5092483350182286e-12	8.492341861113339e-12	7.295360571244822e-07	1.2578133885649186e-20	1.1514498289006672e-10	2.3533678246389505e-05	1.227292953787205e-07	8.014808487769532e-06	4.4068409856277186e-10	5.869222194110978e-10	0.1104125313412818	
2.1323527981697548e-07	902.3880922574516	1.867360453201096e-16	4.411875084771901e-12	1.5295370501144445e-19	1.6613783384873733e-12	4.510557718624151e-15	2.18010523668753e-08	0.0003135094986238	2.725161316592324e-06	4.497021890606655e-10	0.2890810521703075	6.644034239144995e-16	0.0003458343796095	9.16847104876016e-19	6.470361808277421e-14	1.8405170770082016e-06	4.506015410339759e-05	2.746412423096768e-15	4.733967647879701e-12	7.050754332835182e-12	5.175818504704689e-07	6.848552492978089e-21	1.570605014233459e-10	1.5506457631652574e-05	7.376303594303155e-08	6.230092852196095e-06	4.964949101545589e-10	5.76257400520919e-10	0.1136611136307625	
2.527461586781722e-07	892.9603176858883	1.1340553378741944e-16	6.538419196443655e-12	3.371523975924325e-19	1.0131707048187639e-12	5.237762366271687e-15	1.6685238687160925e-08	0.0003244905693765	2.6794579065594148e-06	4.064649080268813e-10	0.3265539783214499	4.79727558274435e-16	0.000364427758077	7.392138739203042e-19	8.270615473362361e-14	1.945225223079456e-06	4.68608782877675e-05	1.7406286692364646e-15	3.5506950563991688e-12	6.007913670208368e-12	3.706044630231466e-07	3.83065438617665e-21	2.337501247859833e-10	1.0233654083186404e-05	4.435282312725783e-08	4.806940637615588e-06	5.555379135290053e-10	5.633274657102668e-10	0.1170175404313065	
2.995781034986421e-07	886.9852074846559	8.399018607225771e-17	9.764966144237228e-12	6.930716140171823e-19	6.841959200787142e-13	6.578059251231124e-15	1.2860398495743713e-08	0.000335344188277	2.592596570271181e-06	3.82243988748362e-10	0.364917304297166	3.765729913654322e-16	0.0003811904482163	5.755318419542763e-19	1.1178700721428657e-13	2.086079028757695e-06	4.855892801056493e-05	1.1669829180054732e-15	2.857561328864824e-12	5.034425131827518e-12	2.68736759417618e-07	2.2523226904362868e-21	3.7775965477231627e-10	6.713750546115839e-06	2.5655212479228417e-08	3.6773344866852377e-06	6.446018879151834e-10	5.417063362567298e-10	0.120442878720743	
3.55087652232611e-07	881.0485459305428	6.487983857862437e-17	1.4034589749450496e-11	1.3652238641710588e-18	4.875376456247596e-13	8.611651077248407e-15	9.927699427069791e-09	0.0003460532361239	2.4855434319664687e-06	3.693183898498576e-10	0.4036938235096846	3.125954406787056e-16	0.000396521800044	4.499141269526368e-19	1.5029224151340825e-13	2.2459992223738466e-06	5.018168337218375e-05	8.214771274331943e-16	2.3609625472728937e-12	4.223008813876975e-12	1.976807803259869e-07	1.3649373325148206e-21	6.331391136693624e-10	4.410728909390325e-06	1.4894842710360234e-08	2.7979044407495754e-06	7.444250709419173e-10	5.234242382644047e-10	0.1238974373496045	
4.2088269902088883e-07	876.665907906703	4.9675710559046904e-17	1.9248947694292274e-11	2.7400436704554185e-18	3.716519472298405e-13	1.1891939689516412e-14	7.579500813013131e-09	0.0003565632415772	2.361244111959687e-06	3.6102600398073816e-10	0.4423729177222387	2.762836208249017e-16	0.0004107673479011	3.4454716842026753e-19	2.0695780293916432e-13	2.4133406944361973e-06	5.173986994774519e-05	6.052304569655361e-16	2.0351621754413574e-12	3.4736492288994718e-12	1.4702458159983157e-07	8.570837822201477e-22	1.0624459718562707e-09	2.885757691774799e-06	8.513440167438678e-09	2.113910644623657e-06	8.732981616965976e-10	5.050777048038881e-10	0.1273376305906383	
4.988690685844117e-07	872.8828910408336	3.6717965216428826e-17	2.5248620621608396e-11	5.3318883167352784e-18	2.950701804018311e-13	1.6969691655500872e-14	5.699452824281223e-09	0.0003668032544508	2.2255950464718308e-06	3.538374685772981e-10	0.4804926040607719	2.54718145856116e-16	0.0004240945399982	2.61076770574068e-19	2.872647005335089e-13	2.5803101715686173e-06	5.32359974466649e-05	4.62051839587339e-16	1.800339220721414e-12	2.810240723004379e-12	1.101583482449759e-07	5.57440796652507e-22	1.7379048721875794e-09	1.879920990650532e-06	4.8521351271347404e-09	1.585427978324267e-06	1.0292091206073214e-09	4.892341289465898e-10	0.1307239549570547	
5.913057204993992e-07	869.6934563475253	2.6031380296570518e-17	3.1829544389815265e-11	1.0010438556065929e-17	2.413115397841062e-13	2.4814901413659403e-14	4.2001290124941365e-09	0.0003766885430455	2.081534613111306e-06	3.454157779453418e-10	0.5175901052718782	2.424266913960162e-16	0.0004365866358338	1.953354857950938e-19	4.023231935383132e-13	2.7417070432913893e-06	5.466586822593306e-05	3.6266487126578444e-16	1.6278637125763034e-12	2.227885953081991e-12	8.282221390032793e-08	3.8164602589122416e-22	2.7350749444897964e-09	1.2158611460824264e-06	2.776322055770439e-09	1.179010197492476e-06	1.2194169400532871e-09	4.755745513975474e-10	0.1340164713462973	
7.008701824056906e-07	867.3386757215306	1.7685652341584078e-17	3.8769082008217166e-11	1.828481551220716e-17	2.0178144316125122e-13	3.6961793195595095e-14	3.018260297739494e-09	0.0003861386406628	1.931606882985422e-06	3.3416411702667485e-10	0.5532563996153299	2.362154183859665e-16	0.0004482729509837	1.4405196131121605e-19	5.716092723661922e-13	2.894213765447839e-06	5.6023133566768094e-05	2.907837597031273e-16	1.5044165158912933e-12	1.7223967032234717e-12	6.225001001774468e-08	2.843020085050225e-22	4.1229686740338815e-09	7.776397287173063e-07	1.6184092380198404e-09	8.686341486363606e-07	1.4582643648572115e-09	4.6325088037914074e-10	0.1371797684900671	
8.307361074919334e-07	865.0705292466702	1.1450389056635496e-17	4.5837964353145893e-11	3.2607427999830635e-17	1.6833589437445699e-13	5.502216402974193e-14	2.109625549108209e-09	0.0003950711234058	1.7804956282037376e-06	3.1885021549740057e-10	0.5871093072365965	2.3096554270267863e-16	0.0004591394948023	1.0432641324072232e-19	8.136277745218838e-13	3.0356617781901526e-06	5.729971799653673e-05	2.3577153608645834e-16	1.3990433037102116e-12	1.3047199062164585e-12	4.664140820977308e-08	2.3790364502664333e-22	5.9512805850039764e-09	4.910766963059616e-07	1.0005081496416564e-09	6.33640584554808e-07	1.743806504989419e-09	4.527926252509936e-10	0.1401806685358602	
9.846652027941212e-07	863.5872762021999	7.083818167071506e-18	5.282856817810002e-11	5.65429862311468e-17	1.396899817085655e-13	8.150170228559154e-14	1.425753419429748e-09	0.0004034164754713	1.6313262515767765e-06	2.9853466830431265e-10	0.6188304692287847	2.250912328300783e-16	0.0004691641523011	7.549857889095612e-20	1.175606166243965e-12	3.164808921767595e-06	5.848806182877661e-05	1.9280767654604776e-16	1.3188324734447102e-12	9.62726284912057e-13	3.476329262832152e-08	2.2625650375427025e-22	8.245161321731157e-09	3.046546331873847e-07	6.727683734087884e-10	4.581493541615388e-07	2.105668405531744e-09	4.4257379604995964e-10	0.1429914611246457	
1.1671161911100658e-06	862.0328471038289	4.1612791911134725e-18	5.955840176796215e-11	9.619365113071484e-17	1.1230205602195325e-13	1.1769076969035652e-13	9.295705517031535e-10	0.000411115747015	1.489258118072151e-06	2.726005644865948e-10	0.6481647562401753	2.140170346558417e-16	0.0004783199658293	5.3593998553632735e-20	1.699547229150703e-12	3.281057533445069e-06	5.958170353793939e-05	1.576442781484305e-16	1.238591564261693e-12	6.983166927162544e-13	2.5749378188004464e-08	2.3448752320300295e-22	1.0994921399441132e-08	1.8546891744365889e-07	5.010438174504114e-10	3.286535134301787e-07	2.5394559564048874e-09	4.323039059371735e-10	0.1455899667047025	
1.3833739627296195e-06	861.2731593815118	2.330283255254277e-18	6.588730303342309e-11	1.594388868392917e-16	8.772730265728354e-14	1.6569103008763866e-13	5.815530113290612e-10	0.0004181313319215	1.3575009858016235e-06	2.4160995931713437e-10	0.6749443498480409	1.9817244534830075e-16	0.0004865943510416	3.843359980171407e-20	2.4979173895603494e-12	3.384382326099486e-06	6.057650814925181e-05	1.2902670092971032e-16	1.171606149274364e-12	4.981147343473747e-13	1.8959249809828413e-08	2.549767819227924e-22	1.4159215581926332e-08	1.1039374546474653e-07	3.978165709888897e-10	2.3519570014898746e-07	3.0959896318516918e-09	4.205110783464079e-10	0.1479616072171532	
1.6397026580002053e-06	860.5890520037225	1.2387525710842933e-18	7.171577791111733e-11	2.5943584851218283e-16	6.532374439798081e-14	2.2424406276764057e-13	3.489780778523613e-10	0.0004244459356461	1.2398284839863684e-06	2.0677532639129914e-10	0.6990913951684661	1.7607570473712478e-16	0.0004939922349153	2.7256778637973006e-20	3.688852316982708e-12	3.4752086557787413e-06	6.14710501131565e-05	1.0509035070770764e-16	1.0998167125000286e-12	3.5583600317688654e-13	1.3888483573465644e-08	2.7791528994946024e-22	1.7664806283590152e-08	6.431114711456318e-08	3.2473067514197116e-10	1.6860061015413949e-07	3.781232616277537e-09	4.06121432343513e-10	0.1500997287699282	
1.943527114929826e-06	860.537643466171	6.285096217895677e-19	7.698754442452738e-11	4.1274951298085686e-16	4.6507791148816024e-14	2.9215927237947937e-13	2.0108034543012278e-10	0.0004300646359453	1.137789446381192e-06	1.7092372524906324e-10	0.7206138318100466	1.5018135982868535e-16	0.0005005386715945	2.0447072712469442e-20	5.533897295076861e-12	3.5542978813779777e-06	6.226661686758727e-05	8.527173991215251e-17	1.0308026185299654e-12	2.597815082421604e-13	1.0137431062189662e-08	3.008325156819561e-22	2.1418037744184005e-08	3.676025739525568e-08	2.622608172805321e-10	1.2215461493843622e-07	4.664396107970714e-09	3.8855675597557125e-10	0.1520051914058916	
2.3036479376536947e-06	860.7335843790487	3.0548778121007834e-19	8.168504626349717e-11	6.45775092345433e-16	3.1245417325743334e-14	3.631058002433661e-13	1.1234555528199504e-10	0.0004350139079196	1.0517238856610592e-06	1.3707178496663835e-10	0.7396037439286316	1.2176276815919853e-16	0.0005062800664648	1.5555589187900815e-20	8.389977190630804e-12	3.6226653592057433e-06	6.29672937972994e-05	6.86074718141951e-17	9.548892826132072e-13	2.0092384782270254e-13	7.378985971782748e-09	3.1950900571984624e-22	2.5315013843678997e-08	2.0774933142231613e-08	2.0772576324690507e-10	8.98894852995843e-08	5.786869697294561e-09	3.6775407942707007e-10	0.1536862703774987	
2.7304964154553143e-06	861.4579333110756	1.4552366347066592e-19	8.563408824038255e-11	9.837938622910766e-16	2.0110619326135966e-14	4.2474577300042473e-13	6.227343995753114e-11	0.0004391413134898	9.8322276002374e-07	1.0840089792325697e-10	0.7554633299706349	9.439026446818023e-17	0.0005110519173725	1.2563303012007011e-20	1.2700908329826162e-11	3.678785441852888e-06	6.355153450229396e-05	5.5321495982267006e-17	8.788889480150167e-13	1.6946136238481918e-13	5.450532624389815e-09	3.3493483560055894e-22	2.9074004138730865e-08	1.1905201760732133e-08	1.6140406228969652e-10	6.803330383109635e-08	7.180939206105509e-09	3.4861602585260076e-10	0.1550901309976122	
3.2364366763473493e-06	862.5374978606425	6.952017010828304e-20	8.888305478766564e-11	1.461589521243714e-15	1.2454713367316092e-14	4.657785169558705e-13	3.557653181306014e-11	0.0004425170287969	9.29595620600602e-07	8.703330793871952e-11	0.768450262515279	7.028744490890876e-17	0.0005149440507948	1.0586131552473146e-20	1.9031531424162737e-11	3.724091218461147e-06	6.402923766688078e-05	4.491500198584677e-17	8.019774001520805e-13	1.5919639191677488e-13	4.121264631483161e-09	3.4878533496249315e-22	3.257290771690055e-08	7.091313032419313e-09	1.2582468786185888e-10	5.3146784049267853e-08	8.866074876275446e-09	3.340918245330797e-10	0.1562396440098138	
3.836123827417527e-06	864.0951268244611	3.4291278448494554e-20	9.153095009552107e-11	2.117799204523554e-15	7.482758325834973e-15	4.803518632778629e-13	2.1894235066694652e-11	0.0004452547537967	8.872625304857349e-07	7.369623785340939e-11	0.7789913123936016	5.086170653784622e-17	0.0005180930309285	9.524558434829327e-21	2.821917478117018e-11	3.7604403861176887e-06	6.441640612197415e-05	3.693860985983474e-17	7.279903179129707e-13	1.653517589255764e-13	3.2098658996920305e-09	3.652525765360644e-22	3.5760487925484196e-08	4.482945819833505e-09	1.0047961433146207e-10	4.287197626838277e-08	1.0895983761626776e-08	3.26558002447737e-10	0.157172621582912	
4.5469284558624015e-06	866.0916139864642	1.7955813845810658e-20	9.367131864016032e-11	2.9956042211914648e-15	4.398450359548232e-15	4.677455159021451e-13	1.490660210388392e-11	0.0004474571371105	8.531049255949296e-07	6.761076101639797e-11	0.7874734348563521	3.644407998874536e-17	0.0005206204563949	8.967976170911758e-21	4.1249211977070357e-11	3.789413895865443e-06	6.472748965341805e-05	3.0991302297567826e-17	6.59121364004092e-13	1.838610948898348e-13	2.5914865152727967e-09	3.8793948170141333e-22	3.8612573347559915e-08	3.034023459775436e-09	8.309658160189717e-11	3.561613981633309e-08	1.3301137415763136e-08	3.2765622404699867e-10	0.1579233372211305	
5.389439786840595e-06	868.5956724314767	1.0144936521365008e-20	9.542320419358547e-11	4.148206345061695e-15	2.535054452583065e-15	4.32864031387868e-13	1.1159159962711323e-11	0.0004492499881523	8.241023479043149e-07	6.739269900428477e-11	0.7943755649354143	2.6570663585800535e-17	0.0005226729282899	8.969400465748332e-21	5.970168082854997e-11	3.812806084112394e-06	6.498023833574981e-05	2.6668269739713465e-17	5.972573716878641e-13	2.1251470974104351e-13	2.172552126277148e-09	4.217728464125818e-22	4.117809171822981e-08	2.1774360663142176e-09	7.089431776334532e-11	3.0326185426471374e-08	1.617100929054973e-08	3.382795275863965e-10	0.158534194284645	
6.388062072657205e-06	871.6387961610426	6.2215826094632035e-21	9.685257859462387e-11	5.622847835320295e-15	1.4463233277052839e-15	3.831480113353253e-13	8.986839400618337e-12	0.0004507029619957	7.985683304930718e-07	7.168996988771638e-11	0.7999627475256791	2.0663965115049974e-17	0.0005243315510218	9.102073859530688e-21	8.541671267267691e-11	3.831617150741794e-06	6.518450581804452e-05	2.3754298827400518e-17	5.451116432785572e-13	2.501231630188504e-13	1.9000998868644782e-09	4.724652895736188e-22	4.3468108172616736e-08	1.6395475596350166e-09	6.189711771362232e-11	2.6421913074660252e-08	1.9564898203936527e-08	3.6014157613807556e-10	0.1590286600874168	
7.571721488337399e-06	875.29852050281	4.116733895427286e-21	9.803318971733958e-11	7.473016676750035e-15	8.207773012494196e-16	3.268161887556866e-13	7.635239344927233e-12	0.0004518924910666	7.750833537017124e-07	7.956340307281237e-11	0.8045279466862082	1.8064802776296522e-17	0.000525684684936	9.511807994012366e-21	1.2120878283785512e-10	3.846901172699229e-06	6.535112407773483e-05	2.2063418458032085e-17	5.044931497010987e-13	2.9783112063788894e-13	1.735027576961402e-09	5.48327340375873e-22	4.5534464436972325e-08	1.2801081082573264e-09	5.4885637862664075e-11	2.350481403157594e-08	2.3603162281573033e-08	3.94944640869702e-10	0.1594326688503694	
8.974704009584349e-06	879.4305865678413	2.9044256856671287e-21	9.901394502681643e-11	9.758972489904652e-15	4.665109265998363e-16	2.708702334037684e-13	6.756126538842132e-12	0.0004528688130369	7.529431383967643e-07	9.018483779415271e-11	0.8082646187147499	1.8293322609335906e-17	0.0005267905272813	1.0176405033949376e-20	1.7008910456503302e-10	3.859351631344191e-06	6.548725182109072e-05	2.1491958376649508e-17	4.758084442118747e-13	3.575311548430976e-13	1.6531304199046206e-09	6.582225021273592e-22	4.7412955717783003e-08	1.0289275363829994e-09	4.926365585787433e-11	2.1294818958427863e-08	2.833455164652812e-08	4.441228143095739e-10	0.1597633463841325	
1.0637648543163119e-05	884.2118804874516	2.152722391877794e-21	9.986463062802114e-11	1.2567472193994804e-14	2.6413080433597566e-16	2.1966077799901774e-13	6.171936989392489e-12	0.0004537013904929	7.309645331283512e-07	1.0332484048568273e-10	0.8114398248661026	2.1178421502731156e-17	0.0005277288885959	1.1112153951451447e-20	2.3882596305026613e-10	3.869889322295905e-06	6.560269060239616e-05	2.2040583721755306e-17	4.598341477484556e-13	4.3619045631740784e-13	1.636958894677763e-09	8.217154781179108e-22	4.920355674687687e-08	8.42917360332045e-10	4.455528394893696e-11	1.9573402601561623e-08	3.407182677602638e-08	5.097341056426198e-10	0.1600443294944943	
1.2608724076806795e-05	889.4508926581484	1.6578685753151681e-21	1.0060976706812068e-10	1.5994540125548702e-14	1.4992266409737546e-16	1.761683606428883e-13	5.77585978282219e-12	0.0004544131593562	7.089897495073487e-07	1.1825571673502178e-10	0.8141425595480775	2.6859186688477218e-17	0.0005285264144681	1.2314831708813848e-20	3.3425216442716314e-10	3.878831611008515e-06	6.570072869218279e-05	2.3822524977862627e-17	4.563443925380932e-13	5.406565476870943e-13	1.6793841376572833e-09	1.060528981743151e-21	5.093591701075873e-08	7.015218255932161e-10	4.058933503107301e-11	1.82032618386323e-08	4.092882626240567e-08	5.94100892472664e-10	0.160283496324001	
1.494502494606521e-05	895.4630438792649	1.3231245699464553e-21	1.0127864472948e-10	2.0094322163373252e-14	8.706472666606811e-17	1.433243556080478e-13	5.526800903061007e-12	0.000455029748292	6.866999737332062e-07	1.3459232551647264e-10	0.8164718233059867	3.595532906733003e-17	0.0005292124024775	1.3870430900651125e-20	4.700152971597154e-10	3.886523456999203e-06	6.578499879067575e-05	2.7135302879255986e-17	4.681227768990272e-13	6.855745076945921e-13	1.7772041297440761e-09	1.4183919879526287e-21	5.2658491206137586e-08	5.922413521247831e-10	3.717875214389612e-11	1.7144465302952786e-08	4.9356859068415177e-08	7.015971754666493e-10	0.1604896090065772	
1.7714224633510815e-05	901.6852153986624	1.084557102669214e-21	1.0189010603866284e-10	2.5064626622560667e-14	5.395993622152016e-17	1.2416443455186005e-13	5.350103799902421e-12	0.0004555644005721	6.642925495413856e-07	1.5148772681161334e-10	0.8184801591354874	4.9214207744990704e-17	0.0005298025689381	1.5763818716167022e-20	6.567087811156695e-10	3.893153634590155e-06	6.58574347283721e-05	3.225699026725749e-17	4.914715418096012e-13	8.825103523771282e-13	1.9287497760979717e-09	1.936704494711337e-21	5.4399227771604543e-08	5.050129316877198e-10	3.4272236552264525e-11	1.6261652040020767e-08	5.9309347814541895e-08	8.35103317933977e-10	0.160667319043689	
2.0996536004384415e-05	908.7149643894224	9.219018479593566e-22	1.0246391537425278e-10	3.087349626974041e-14	3.889738601281765e-17	1.2363942193099886e-13	5.266416236012672e-12	0.0004560280310398	6.418727054476578e-07	1.6884460078691527e-10	0.820210671503647	6.822893811319276e-17	0.0005303092132749	1.8181902185491048e-20	9.210804247445647e-10	3.898877713572939e-06	6.591961848504549e-05	3.9731689230583547e-17	5.311402968554062e-13	1.1593490519545134e-12	2.1330790797989052e-09	2.707056955194135e-21	5.618131268064555e-08	4.3635569812479086e-10	3.173864761229534e-11	1.5615594143924922e-08	7.149967054045292e-08	1.0009589871699327e-09	0.1608204412837771	
2.4887034759027847e-05	915.4420885249872	7.99570974207726e-22	1.0302441608493974e-10	3.7982028770359214e-14	3.4398793435055576e-17	1.4845888790095994e-13	5.190517011231283e-12	0.0004564311551706	6.198766764150679e-07	1.858079118760508e-10	0.8217062247601309	9.42321208192347e-17	0.0005307453811118	2.1006713465803902e-20	1.270351241723266e-09	3.903851384870655e-06	6.59731139309241e-05	4.983661350734509e-17	5.77558296666596e-13	1.5250888919311493e-12	2.3889057305218724e-09	3.7842123262314316e-21	5.8034355140984994e-08	3.7924377951217707e-10	2.9569839565308387e-11	1.5024847260444392e-08	8.53182255532657e-08	1.1996960816457127e-09	0.1609527702948125	
2.9498413403416982e-05	922.8969731694964	7.196502832165077e-22	1.0360559089397787e-10	4.6240704561195484e-14	3.78729814935384e-17	2.1509202056236865e-13	5.179877322958651e-12	0.0004567846591755	5.981242951910003e-07	2.0309038832982768e-10	0.8230087731419482	1.30487580577025e-16	0.0005311231149585	2.4571986078794702e-20	1.75730297665437e-09	3.908226974869363e-06	6.601943921359653e-05	6.350201504551491e-17	6.397770731217636e-13	2.034342537963516e-12	2.696096412812741e-09	5.35232139298324e-21	5.999196256111354e-08	3.330523048283549e-10	2.7622191945237315e-11	1.4607378926656208e-08	1.0206082473414284e-07	1.4390785453117278e-09	0.1610680184758795	
3.49642455095313e-05	930.065165337226	6.604031007272806e-22	1.0424827524750208e-10	5.629212695097181e-14	5.016956819910827e-17	3.6688805805669893e-13	5.166927261609535e-12	0.0004570955601704	5.770278370731293e-07	2.2003228714892278e-10	0.8241474550346106	1.7945077981444204e-16	0.0005314515143182	2.875913597221127e-20	2.3936793682603182e-09	3.91211790894432e-06	6.60596443729601e-05	8.108735233434408e-17	7.083623810666024e-13	2.7048935362986072e-12	3.0507459290657867e-09	7.506313808579192e-21	6.208416328460264e-08	2.9366111575077503e-10	2.5890913005125164e-11	1.4217550406064936e-08	1.2095306825655394e-07	1.7175386172218315e-09	0.1611687650660982	
4.144285481839415e-05	938.1234026159598	6.308430371111058e-22	1.0501341471373512e-10	6.780127146904873e-14	7.976976412628731e-17	7.333928806815567e-13	5.220993255047667e-12	0.0004573706916055	5.563955225577803e-07	2.37552543839074e-10	0.8251483631634006	2.475330363243809e-16	0.000531738201285	3.4089293540604056e-20	3.2807974075783542e-09	3.91562901143436e-06	6.609466106380052e-05	1.0402299024500306e-16	7.980976667265593e-13	3.645977354865975e-12	3.446778193894713e-09	1.0580451019701712e-20	6.434254140495593e-08	2.614528932442786e-10	2.424931673638556e-11	1.3988478240586706e-08	1.4396762375417565e-07	2.040054353548084e-09	0.1612573188254571	
4.91219012585385e-05	945.3731277387476	6.058857860439305e-22	1.05986236972713e-10	8.225038607199894e-14	1.4926569088074683e-16	1.7060433726316373e-12	5.236072216364287e-12	0.0004576151683332	5.370272511192875e-07	2.542678183941033e-10	0.826034789117995	3.3819025804377393e-16	0.000531990723962	4.016141158046016e-20	4.392856446256329e-09	3.918862440239373e-06	6.612531303958192e-05	1.3194781462139814e-16	8.890450042149672e-13	4.844902804079867e-12	3.8724286079757805e-09	1.4569779146526914e-20	6.681464138004837e-08	2.3266246123748923e-10	2.2730780431729663e-11	1.3704358210544106e-08	1.6891004760677786e-07	2.394474393459612e-09	0.16133574118387	
5.822381671888648e-05	953.4672928418838	6.026831904450931e-22	1.0730369767523445e-10	9.905208667385365e-14	3.2071371359282524e-16	4.486658308749599e-12	5.3083567598905545e-12	0.0004578347486255	5.184581900016499e-07	2.7220177715953004e-10	0.8268276254899357	4.647497989846742e-16	0.0005322155473006	4.7808218174393207e-20	5.923751763190339e-09	3.921914068383846e-06	6.615232746160318e-05	1.670500677137357e-16	1.006589987058413e-12	6.524746812962923e-12	4.3131356110915644e-09	2.0022636114674828e-20	6.955202161931687e-08	2.0855609854070502e-10	2.120599933110384e-11	1.3545879723410914e-08	1.990863791298384e-07	2.7803000079044354e-09	0.1614058806399042	
6.90122480290852e-05	960.2470489847112	5.928947460935075e-22	1.0916865115470736e-10	1.2122982077519522e-13	7.446095891884627e-16	1.2746514432778998e-11	5.3040577575314345e-12	0.0004580335408948	5.017676669808379e-07	2.9082501362115097e-10	0.8275474331614097	6.346017379887594e-16	0.0005324192498447	5.617901136423725e-20	7.763954004162382e-09	3.92488784597676e-06	6.617640733468748e-05	2.0712561337232081e-16	1.116205365222409e-12	8.58782961392737e-12	4.748207048095921e-09	2.6584132143452992e-20	7.264004437399433e-08	1.8585080484211508e-10	1.9744319272487197e-11	1.325571105108658e-08	2.3050887382352046e-07	3.176057723286302e-09	0.1614695563422934	
8.179969377519466e-05	967.7912647641268	6.001820223289801e-22	1.1193116359153503e-10	1.4831451374289585e-13	1.8079212207419294e-15	3.774962979095693e-11	5.339438752377164e-12	0.0004582173238293	4.85914701762918e-07	3.1702269497890443e-10	0.828213063205455	8.810271548547338e-16	0.0005326085153388	6.646830208113435e-20	1.0279412233391721e-08	3.927881927782122e-06	6.61981748038436e-05	2.555477599521954e-16	1.2562470181837013e-12	1.1482738332034196e-11	5.157243800885244e-09	3.508266759272811e-20	7.618196036016107e-08	1.661024923199471e-10	1.8225482076578107e-11	1.3045216489883272e-08	2.6846072701711335e-07	3.575840852811698e-09	0.1615284362944488	
9.695655615935916e-05	973.8640458735434	5.9743970519285705e-22	1.16111745024796e-10	1.8618737544551609e-13	4.400374946117591e-15	1.1318702396349095e-10	5.278326837409425e-12	0.0004583884281708	4.721166060107789e-07	3.5951697518521286e-10	0.8288388207620583	1.2379857951825905e-15	0.0005327877581885	7.734531202528575e-20	1.3270010500596912e-08	3.930973553967372e-06	6.621808598105159e-05	3.07138688874931e-16	1.378544188445883e-12	1.4990408264411108e-11	5.512735625869981e-09	4.456155988372239e-20	8.031347652010097e-08	1.4683768228098478e-10	1.674060896946701e-11	1.2665373125578593e-08	3.075892336274794e-07	3.95904661090362e-09	0.1615837856678881	
0.00011492187010036995	980.6773475805408	6.136613729639716e-22	1.2259903919843258e-10	2.3630180565637133e-13	1.0605952414551925e-14	3.3788965204457825e-10	5.2431179828134516e-12	0.0004585505937046	4.589588082641656e-07	4.4806633103216147e-10	0.8294343548666867	1.814639497085668e-15	0.0005329620768722	9.036627021934648e-20	1.73737960291731e-08	3.934181904639024e-06	6.62364235917389e-05	3.658955934987648e-16	1.5312391595556465e-12	1.9918449212677742e-11	5.791549117939859e-09	5.608596382779046e-20	8.519859741194819e-08	1.2964706759985707e-10	1.5192407192100966e-11	1.2333310105193184e-08	3.551127839418598e-07	4.314525000106482e-09	0.1616364590238222	
0.00013621602035512702	985.9746830657	6.267474151099548e-22	1.3281735203377002e-10	3.125218028136189e-13	2.470133391128805e-14	9.926145887673062e-10	5.100562871138749e-12	0.0004587051353044	4.478038563781854e-07	6.406509076280783e-10	0.83001132099812	2.7843273603454238e-15	0.0005331349718516	1.0355853885100084e-19	2.2299141724859746e-08	3.937440890189886e-06	6.625352587036063e-05	4.2205810750265717e-16	1.6480214678122681e-12	2.5809509266061736e-11	5.972823540365321e-09	6.786018610796724e-20	9.11459609063775e-08	1.1262869175621696e-10	1.3677923618234722e-11	1.18148917818033e-08	4.0438201828146845e-07	4.631932876806188e-09	0.1616874869866463	
0.00016145581502618347	992.0256921553053	6.814130461443986e-22	1.4931123157811402e-10	4.266234056048488e-13	5.529872915952399e-14	2.846029713112638e-09	4.969739055897274e-12	0.0004588548249068	4.368433727777466e-07	1.0707772097079995e-09	0.8305759412114178	4.5673679765886936e-15	0.0005333123966909	1.187835863607922e-19	2.9197320024422878e-08	3.940402539546288e-06	6.626953385956465e-05	4.80546560288121e-16	1.7836843323524017e-12	3.406949351661457e-11	6.0487146280211445e-09	8.137674493188487e-20	9.869640147109137e-08	9.714716468236804e-11	1.211528764252748e-11	1.1315521092531037e-08	4.651543996184492e-07	4.891645943442508e-09	0.1617374221844318	
0.00019137235207582543	997.0583333417516	7.981904532013688e-22	1.7638859293881674e-10	6.19938619846254e-13	1.1658381672072396e-13	7.911108962252318e-09	4.747222011411615e-12	0.0004589996589854	4.272390096039152e-07	1.9920490027474387e-09	0.8311388670974454	7.893932411114909e-15	0.0005334993614633	1.3371895127908034e-19	3.807866150210147e-08	3.94215424620681e-06	6.628471864584923e-05	5.308648263893738e-16	1.872744109284798e-12	4.4370237040794e-11	6.019950068304903e-09	9.469700211745506e-20	1.0903744086902612e-07	8.199391844732377e-11	1.0577068622288042e-11	1.0659048756886136e-08	5.321478143786203e-07	5.089850608301122e-09	0.1617872075327218	
0.00022683219636960338	1002.9226352574152	1.0997582415256305e-21	2.2147810989587342e-10	9.56756350009372e-13	2.2887601577144853e-13	2.1171253264770773e-08	4.513921642966388e-12	0.0004591393239843	4.1754394057911803e-07	3.837827537549358e-09	0.8317075489859636	1.4074338800359232e-14	0.0005337062035872	1.4982462605618377e-19	5.1195900209219234e-08	3.940505404859752e-06	6.629921959958673e-05	5.864174728947926e-16	1.9847734022536174e-12	5.9897765918285e-11	5.90436404264319e-09	1.0991954324059402e-19	1.246153890183651e-07	6.794504323184908e-11	9.015152831049745e-12	9.981986416275484e-09	6.174039212504188e-07	5.193977249218805e-09	0.1618375070543635	
0.00026886248066529384	1007.142439933418	1.682891782203042e-21	2.9434183588706455e-10	1.6072658162922625e-12	4.042353030407577e-13	5.3988839597875936e-08	4.1381512929206196e-12	0.0004592666522387	4.099016291921893e-07	7.1171781386423675e-09	0.832294216178639	2.4758431046835412e-14	0.0005339443767235	1.6247005640123262e-19	6.88495544542825e-08	3.930911479968403e-06	6.631329056054054e-05	6.496494239936125e-16	2.0657713933136055e-12	8.228835081745819e-11	5.729486560463439e-09	1.2417219141491674e-19	1.503628770685689e-07	5.39636797242451e-11	7.511816750078006e-12	9.07096904685978e-09	7.116609255087445e-07	5.2161077788790554e-09	0.1618894071292606	
0.0003186806576245907	1012.0515827028444	2.5151768806682402e-21	4.01834498795433e-10	2.8266438813786054e-12	6.247863410667978e-13	1.2952911585887342e-07	3.710275942801767e-12	0.0004593691100942	4.023522256118337e-07	1.1909671630002896e-08	0.8329045506211735	4.1174138098309805e-14	0.0005342383858003	1.7289457224640905e-19	9.69000250351392e-08	3.904934345055096e-06	6.632681275377016e-05	7.88055743668172e-16	2.3177877910977485e-12	1.2851917622019308e-10	5.5390889500266545e-09	1.4203033216126722e-19	1.953078657531511e-07	4.1003390444922266e-11	6.026496618055686e-12	8.080982719850263e-09	8.344287989042653e-07	5.096508591950023e-09	0.1619434261283211	
0.0003777297646467455	1014.8701558303936	2.902232595335806e-21	5.258989859631024e-10	5.050753061485232e-12	7.941911863351569e-13	2.872235310608506e-07	3.1147509357090776e-12	0.0004594212787831	3.973523847834814e-07	1.6845263098599328e-08	0.833546425904862	6.154513322449435e-14	0.0005346155380211	1.7402996895600506e-19	1.388541111710508e-07	3.848729077442864e-06	6.633931944864255e-05	1.0826096551207954e-15	2.7811455939498104e-12	2.3269351850117956e-10	5.369081075585261e-09	1.6115259411618788e-19	2.747686425972967e-07	2.868344167007936e-11	4.643220439359109e-12	6.830427645127597e-09	9.72757774401484e-07	4.8441968707756834e-09	0.1620002793194755	
0.000447720223008213	1018.100688451212	2.1590646095905898e-21	6.142317916942555e-10	8.54395446779026e-12	7.844272500822855e-13	5.762846157493558e-07	2.461081913450828e-12	0.0004593962359936	3.925527659437031e-07	1.876992507381136e-08	0.8342063504339835	7.933216504561963e-14	0.0005351052959032	1.6706601519957052e-19	2.127942808343781e-07	3.743359977177969e-06	6.634858689382286e-05	1.8378676132073133e-15	3.899935875724366e-12	5.670953752461509e-10	5.243237142089172e-09	1.8959654823177656e-19	4.109362007547626e-07	1.8202573317018005e-11	3.366680263970423e-12	5.5009597699659044e-09	1.1498510667050443e-06	4.370618303125741e-09	0.1620588055844799	
0.000530679382065611	1019.9904187258682	9.237387806601784e-22	6.23775902416077e-10	1.3667517730077432e-11	5.584473822259079e-13	1.0252271123475942e-06	1.7574211061170542e-12	0.0004592807097471	3.893141386387887e-07	1.5334671876656514e-08	0.834852067015264	8.71137280376083e-14	0.0005356994790033	1.4816892058672624e-19	3.428991669667572e-07	3.571116607008733e-06	6.634918307666197e-05	3.846856581847461e-15	6.200924826293622e-12	2.1393690800104467e-09	5.1383954553620335e-09	2.281505741349956e-19	6.290200254981243e-07	1.0048303902132696e-11	2.283045737128778e-12	4.098222808134611e-09	1.3466067327968892e-06	3.6911545246030437e-09	0.1621161693219315	
0.0006290102436234454	1022.1647290203412	2.679162529305043e-22	5.924893651247017e-10	2.1435348033954622e-11	2.78476967644704e-13	1.6040115905538697e-06	1.1389996246673567e-12	0.0004590948414298	3.860554110453144e-07	8.613401926946851e-09	0.8354231574367218	8.795408569869718e-14	0.0005363414523747	1.2216149687200113e-19	5.902963822416423e-07	3.331408682243659e-06	6.632907357059059e-05	1.0636665914762828e-14	1.2173423835611431e-11	1.4003321168888273e-08	4.997568282159346e-09	2.8463490188807852e-19	9.40129097537916e-07	4.780155699326708e-12	1.4281750513330676e-12	2.8347370126379557e-09	1.5587427395943911e-06	2.851184354238e-09	0.1621670218834752	
0.0007455610674814365	1024.0637241137506	7.726851991107785e-23	5.590686068080681e-10	3.3336567387378846e-11	9.801726761117885e-14	2.235427449230571e-06	6.67449848851692e-13	0.00045887720677	3.830487837653995e-07	3.2273872963577053e-09	0.8358734564538294	9.55382931408811e-14	0.0005369518838185	9.308183137725364e-20	1.0611452777569797e-06	3.0472667334032817e-06	6.626393923534821e-05	3.702178900747151e-14	2.8623957856226908e-11	9.919898415975341e-08	4.7356049051957505e-09	3.5938822850946266e-19	1.3033735574838208e-06	1.943115525132024e-12	8.12021846397668e-13	1.8112800755393222e-09	1.7470124428822005e-06	2.0100973595625837e-09	0.1622072605020565	
0.0008837078743614584	1026.2254276049207	2.3924245143016013e-23	5.241598422999405e-10	4.9907289976515417e-11	2.5228512686346518e-14	2.8509879729804884e-06	3.589303134640084e-13	0.0004586561832651	3.798860742296986e-07	9.80645707915842e-10	0.8361913494535023	1.2085859741763957e-13	0.0005374823265359	6.589711553447902e-20	1.980747246248712e-06	2.750714060598809e-06	6.610631507587992e-05	1.0700510272707285e-13	5.4955088761964606e-11	4.752788681411657e-07	4.260287870263191e-09	4.504194619989779e-19	1.5635444013414743e-06	6.762345757117336e-13	3.985700481422966e-13	1.0760397895457224e-09	1.883533147595876e-06	1.3079709396980872e-09	0.1622358909097998	
0.0010474522360006322	1028.1372123292542	6.826358540395381e-24	4.852817746205672e-10	7.030748907066199e-11	5.016822302420056e-15	3.413960223004037e-06	1.7959608089164588e-13	0.0004584426467583	3.768499156697029e-07	3.2944485347747753e-10	0.83639233474929	1.6409719315199794e-13	0.0005379206571827	4.3286371656778456e-20	3.7398770456750446e-06	2.468419418922013e-06	6.582279083834413e-05	1.814771894740457e-13	6.227810214026895e-11	1.3575676437493283e-06	3.5624352225117523e-09	5.417415525971107e-19	1.547066941466043e-06	2.0422237069394042e-13	1.5341127095245158e-13	5.983212387574248e-10	1.9286180056279767e-06	8.100781818191351e-10	0.1622543570670918	
0.0012415371850064104	1030.2896200000537	1.86639356750961e-24	4.5147291936783836e-10	9.236453002821544e-11	8.715524427475328e-16	3.912315770741811e-06	8.741409394415248e-14	0.0004582412034629	3.736936175263991e-07	1.3344058515879358e-10	0.8365047105543107	2.1840095740969738e-13	0.0005382766763542	2.707003782817285e-20	6.811151246529311e-06	2.2137202714284606e-06	6.546843273433878e-05	1.815994757954913e-13	4.299653660101709e-11	2.569315073586525e-06	2.795739181983074e-09	6.150688340645411e-19	1.3090338913473215e-06	5.751295937202105e-14	4.286779181999064e-14	3.2336172475591155e-10	1.8450789800380156e-06	4.91174811456757e-10	0.1622651794599304	
0.0014715846019280555	1032.218738800235	5.3137163090174505e-25	4.220488885767231e-10	1.1303856089950228e-10	1.5526531053263867e-16	4.347235534102133e-06	4.3383523005960637e-14	0.0004580558474821	3.7056864507737193e-07	6.079433214017264e-11	0.8365611791518365	2.778975816347118e-13	0.0005385663153344	1.7004706347624654e-20	1.1038764627356607e-05	1.989397088787392e-06	6.511591730149407e-05	1.29559211421001e-13	2.221773880479844e-11	3.794514010761202e-06	2.1188678814421e-09	6.428820975908313e-19	1.0192561494025352e-06	1.676101658192262e-14	1.1238010672690684e-14	1.7784617702665594e-10	1.6030502119917677e-06	2.9948066854220617e-10	0.1622711653904228	
0.0017442580591096614	1034.3613676708226	1.7015296192459149e-25	3.9384846559403766e-10	1.2990979368737838e-10	3.214549741434149e-17	4.726848623922056e-06	2.291258463859089e-14	0.0004578885686444	3.673599994913392e-07	3.0650608005080874e-11	0.8365880736762958	3.420291565218796e-13	0.0005388056820958	1.1571884085227468e-20	1.524649007776986e-05	1.7925966747449996e-06	6.479372786976446e-05	7.826305741022675e-14	1.0454201915650051e-11	4.893872794771554e-06	1.5812732702791744e-09	6.09663387247275e-19	7.646366083500551e-07	5.492314189887293e-15	4.372626681804156e-15	1.0373501376400144e-10	1.255190747672672e-06	1.8827215454638048e-10	0.1622744699173543	
0.0020674558382731286	1036.2995852370202	6.025769307145928e-26	3.6317935658947134e-10	1.4264906833240739e-10	7.793085455192017e-18	5.058645480942672e-06	1.2839016578818282e-14	0.0004577396517324	3.641365965329994e-07	1.6958683500242718e-11	0.8366015095105552	4.13375816347609e-13	0.0005390060876299	8.69866333217733e-21	1.825211166616452e-05	1.6201026892084451e-06	6.450716328771325e-05	4.4006077416972986e-14	4.881831388449338e-12	5.84342201435739e-06	1.1714098655810684e-09	5.24996286052722e-19	5.628859401182482e-07	2.0314118406208813e-15	2.0592502081706778e-15	6.403240812790225e-11	9.039618839142026e-07	1.2487709838644966e-10	0.1622763689891987	
0.002450539712794255	1038.32040680084	2.3061538307311424e-26	3.2957239129112246e-10	1.5114905749068096e-10	2.143958820727537e-18	5.350213821947832e-06	7.560235391545136e-15	0.0004576076245943	3.608145956838818e-07	1.0004751602027378e-11	0.8366088115264309	4.948864636235657e-13	0.0005391761911524	7.198814748409155e-21	1.997764453707028e-05	1.4682833185894568e-06	6.425345803740734e-05	2.387598873928425e-14	2.319593892711799e-12	6.658916037615342e-06	8.625388015209201e-10	4.15534670324992e-19	4.080136790976984e-07	8.296004474313815e-16	9.862472668320246e-16	4.1409938609870396e-11	6.229797882683969e-07	8.805745382338157e-11	0.1622775127116725	
0.002904606121598046	1039.781993953642	9.102851281876406e-27	2.930891767907012e-10	1.5617385064780544e-10	6.399292986845894e-19	5.6061030474374e-06	4.580954164166336e-15	0.0004574914249609	3.573685337951431e-07	6.101307437771841e-12	0.8366130826960083	5.896090673545564e-13	0.0005393212782485	6.299774310117407e-21	2.0879286260388848e-05	1.3349239385097651e-06	6.403002559732143e-05	1.2743995065173817e-14	1.1193176188121189e-12	7.356837159875479e-06	6.319279817031774e-10	3.0401748575141373e-19	2.912528213641087e-07	3.602024341772997e-16	4.601494740071057e-16	2.7506296200136758e-11	4.2420867582285097e-07	6.561704038506519e-11	0.1622782433787179	
0.0034428075895186136	1041.4913377079745	3.73310374024589e-27	2.56026042122017e-10	1.5701032111096212e-10	2.0498915604400226e-19	5.831749785881689e-06	2.863298092421653e-15	0.0004573892388683	3.535659670868758e-07	3.7923098178938686e-12	0.8366156230215493	7.002778244532882e-13	0.0005394464375622	5.6132880517103946e-21	2.1361079201381924e-05	1.217257940782539e-06	6.383264479080854e-05	6.697910007916457e-15	5.504344705250127e-13	7.957446004999224e-06	4.5986206257725757e-10	2.066351409542535e-19	2.0372698036579985e-07	1.6467159076546776e-16	2.063947512791026e-16	1.8779969843349435e-11	2.897249392728315e-07	5.0643960858655136e-11	0.1622787358466297	
0.004080733704412147	1043.4526785685232	1.5741868593340695e-27	2.199750209328916e-10	1.5372306438234552e-10	6.932748693530631e-20	6.029854588373071e-06	1.8365044158552973e-15	0.0004573001859255	3.49298504690448e-07	2.403427159332692e-12	0.8366171515060973	8.30058534283738e-13	0.0005395545974734	4.868856949443441e-21	2.163165612342161e-05	1.113917115123043e-06	6.36591881326952e-05	3.4779534832317744e-15	2.749585570917204e-13	8.472694322424785e-06	3.3263622489598435e-10	1.306562127014562e-19	1.3920676075894214e-07	7.821996793063308e-17	8.861078750215011e-17	1.3102496830834948e-11	1.9951121745787e-07	3.969733534708928e-11	0.1622790843638713	
0.004836862686437171	1045.9709483297097	6.817015110259693e-28	1.861266012153273e-10	1.4627688200935782e-10	2.4506055366450488e-20	6.204616336022018e-06	1.2070255131259545e-15	0.0004572225444231	3.444542328510428e-07	1.562856377975295e-12	0.8366180636392143	9.823751909443717e-13	0.0005396491146686	3.987676336349625e-21	2.179311324887696e-05	1.0227314390576584e-06	6.350608370727584e-05	1.7769656746326943e-15	1.3904529520197582e-13	8.91744428668064e-06	2.3858763903823367e-10	7.632294113737933e-20	9.220400414637465e-08	3.8406972503472604e-17	3.621310004269207e-17	9.323616426232269e-12	1.3842262506557953e-07	3.101041871373174e-11	0.162279341629054	
0.005733096629695032	1049.4123293515445	3.0620398660239036e-28	1.5545186578888135e-10	1.350256873081681e-10	9.083132746255298e-21	6.358209365467913e-06	8.16480182649299e-16	0.0004571553846992	3.39019073447054e-07	1.0582618639179364e-12	0.8366185879000937	1.161077501008659e-12	0.0005397319264408	3.023930804009673e-21	2.1893275197384244e-05	9.42578143227508e-07	6.337147780990186e-05	8.93395837918512e-16	7.142747202037228e-14	9.300426473687691e-06	1.6969193475744647e-10	4.0902962372788063e-20	5.885321074756816e-08	1.9608510389163894e-17	1.4129314947173684e-17	6.7875201669018136e-12	9.683500788709136e-08	2.3848717740367034e-11	0.1622795364938578	
0.0067953959200837645	1053.5261136349068	1.406364738123312e-28	1.2781331005721464e-10	1.208727551208165e-10	3.4947048867332355e-21	6.494025946156539e-06	5.648995876019201e-16	0.0004570971372321	3.330094703243135e-07	7.538219903968841e-13	0.8366188736312623	1.3709636140644981e-12	0.0005398053419507	2.067063477356448e-21	2.195705947248015e-05	8.71694156485231e-07	6.325242457240344e-05	4.4090508867218094e-16	3.7153699548063015e-14	9.632688838029775e-06	1.1922974315272812e-10	1.966376321058628e-20	3.5786978671532016e-08	1.0347474144817329e-17	5.238036636002184e-18	5.028809473655565e-12	6.826020765924856e-08	1.7866804760478554e-11	0.1622796888048323	
0.008054531205964922	1058.4736000234377	6.665663353799132e-29	1.0347724249899003e-10	1.0478728213959189e-10	1.4099954770125028e-21	6.613389058077152e-06	4.018010064445145e-16	0.0004570471135061	3.2651793942908426e-07	5.723505586593882e-13	0.8366190065118175	1.6174896751184902e-12	0.0005398703920129	1.2555161917033006e-21	2.199781405752736e-05	8.093927794048948e-07	6.314777809451957e-05	2.14361925888371e-16	1.9737337797373443e-14	9.919668011314424e-06	8.274147633306049e-11	8.339288681416614e-21	2.056199201206445e-08	5.689148706788056e-18	1.8542390860033415e-18	3.807681647665568e-12	4.8629199124775284e-08	1.2985620230629216e-11	0.1622798093886601	
0.009546974703287517	1064.341103385617	3.271325979243371e-29	8.225818749627854e-11	8.763867682683977e-11	6.015354885811819e-22	6.718890787672135e-06	2.946287268119096e-16	0.000457004064701	3.19584576947742e-07	4.648285255001021e-13	0.8366190416187876	1.907185290545457e-12	0.0005399286467772	6.651424925230071e-22	2.2023811980331628e-05	7.543230029238288e-07	6.305527310572602e-05	1.0247589742963387e-16	1.0792202164784779e-14	1.0169460409433945e-05	5.64224496162671e-11	3.013596800539289e-21	1.0975508922426469e-08	3.2745462724616544e-18	6.207399890852319e-19	2.955247902928813e-12	3.510251117532245e-08	9.105674906418812e-12	0.1622799067608789	
0.011315956652786065	1071.3016844123115	1.6844181767168058e-29	6.41502866829734e-11	7.053874975491547e-11	2.762742098634308e-22	6.811472620387858e-06	2.244220591698083e-16	0.0004569674149805	3.123521095360043e-07	4.028240822147431e-13	0.8366190159840428	2.2478833127594877e-12	0.0005399806551492	3.082435347723449e-22	2.204011636999699e-05	7.059945259040572e-07	6.297408843613616e-05	4.84202008849852e-17	6.162526816294935e-15	1.038586243766682e-05	3.775711605306603e-11	9.02924209378736e-22	5.371182269844736e-09	1.995314644759208e-18	1.947982646908917e-19	2.366933516612848e-12	2.5807438387987337e-08	6.162257127952154e-12	0.162279985936834	
0.013412717530678955	1079.0631133775532	9.004869449095794e-30	4.873291555268351e-11	5.4454255266237273e-11	1.3706553119700725e-22	6.893139614645953e-06	1.772051003932987e-16	0.0004569361315636	3.049118097506432e-07	3.675106800957899e-13	0.8366189547663344	2.649408819313254e-12	0.0005400274462894	1.2919308207258952e-22	2.205023653446105e-05	6.633612755329928e-07	6.290246839725024e-05	2.2597691357267786e-17	3.699193554678701e-15	1.0574832774649838e-05	2.4624405150308247e-11	2.1536919472905464e-22	2.354552054344847e-09	1.286514083056999e-18	5.546116851435071e-20	1.9543688349526384e-12	1.9387135529843633e-08	4.012596760766421e-12	0.1622800515386267	
0.01589799228450474	1087.496181404507	5.002649191225005e-30	3.5889403049109586e-11	4.0283711103098e-11	7.440106443753231e-23	6.964788607403802e-06	1.4550219796228676e-16	0.0004569096258102	2.974327158265351e-07	3.481055083887044e-13	0.8366188739494382	3.123595732510695e-12	0.0005400693736056	5.598265842003329e-23	2.2056444643669025e-05	6.25955191622883e-07	6.283962768739598e-05	1.045612742997958e-17	2.360436353204253e-15	1.0739432570871e-05	1.5589070065029034e-11	4.0408603375946507e-23	9.072147277379339e-10	8.840506356241343e-19	1.4144422549408098e-20	1.66893509708513e-12	1.4959366890442833e-08	2.5172018162073573e-12	0.162280106210706	
0.018843769586593097	1095.915792040954	2.8279045425970532e-30	2.5372637579384665e-11	2.8582099211275363e-11	4.4182314671457254e-23	7.027923162589134e-06	1.2348143342128758e-16	0.0004568870840824	2.900191353323344e-07	3.37758446065018e-13	0.8366187836562864	3.685428494362278e-12	0.0005401071057409	3.037553292695675e-23	2.206026952385656e-05	5.929913386351934e-07	6.278424832522811e-05	4.7892665333708044e-18	1.6063314138011034e-15	1.088381603820216e-05	9.4879298421133e-12	6.2625802210526566e-24	2.9959720281185637e-10	6.450859032990096e-19	3.2824045470002135e-21	1.4677544475430345e-12	1.19066444698774e-08	1.5161615974672842e-12	0.1622801524439308	
0.02233537706385123	1103.606557409364	1.608365609439171e-30	1.716622522918771e-11	1.960609342247607e-11	2.881910020218175e-23	7.0832989820254384e-06	1.0787193279058087e-16	0.0004568680414325	2.827800069330213e-07	3.332343897514999e-13	0.8366186905330756	4.3533566174409065e-12	0.0005401409221061	2.1779893606049825e-23	2.206264517200648e-05	5.640752456182415e-07	6.273566804151402e-05	2.1755864415778922e-18	1.1711955344274465e-15	1.1010152630317296e-05	5.508580972341661e-12	1.057580984186819e-24	8.356474203093869e-11	4.995152048797278e-19	8.179835047447407e-22	1.3257900731844193e-12	9.830467931324749e-09	8.755936231246862e-13	0.1622801916598927	
0.026473952904802308	1112.138905221626	9.919720104655228e-31	1.1282198275909282e-11	1.3026965143972256e-11	2.181648840227254e-23	7.132094027976033e-06	9.995523781753607e-17	0.0004568520516859	2.756027095992045e-07	3.3501043462481223e-13	0.8366185924731271	5.145701049164521e-12	0.0005401715114217	1.8924549646233776e-23	2.206409430768881e-05	5.385916698528893e-07	6.269285330976164e-05	9.657631187208476e-19	9.40616946236618e-16	1.1121366162453628e-05	3.002396208577819e-12	2.9774252220239437e-25	1.9028342672861077e-11	4.285591185112275e-19	3.014493532542086e-22	1.2635545274070988e-12	8.491633132828123e-09	4.792179163105826e-13	0.1622802247829186	
0.03137937543664821	1119.6104704405227	6.316400688349991e-31	7.314410998049221e-12	8.7027889203661e-12	1.814390826601242e-23	7.174977524059367e-06	9.508632804419134e-17	0.000456838788456	2.684994318247195e-07	3.413423138821837e-13	0.8366184975538643	6.088666373282079e-12	0.0005401991888802	1.8217688345948174e-23	2.2065004843364103e-05	5.161923541588885e-07	6.265521939302925e-05	4.1477777705775714e-19	8.083224401259063e-16	1.1219078873405368e-05	1.5135079143346669e-12	1.2976404945410523e-25	3.5062882039918797e-12	3.8961415221602784e-19	1.8108342399651496e-22	1.2347813468356146e-12	7.622792480348218e-09	2.46375318208249e-13	0.1622802531524338	
0.0371937355307264	1128.31833676676	4.796332143019866e-31	4.984050126157637e-12	6.0630533982089945e-12	1.7799655767603842e-23	7.212697033871062e-06	9.671593878239535e-17	0.000456828211186	2.611549968869075e-07	3.552871357696437e-13	0.8366183994731343	7.204918562041131e-12	0.0005402246286958	1.94843460856735e-23	2.206546454678105e-05	4.964871141095713e-07	6.26221105781557e-05	1.6818110064962504e-19	7.7102660911225375e-16	1.130502908301253e-05	6.890462771196634e-13	6.323930186247295e-26	5.154167397131523e-13	3.97335612049308e-19	1.5334798880516476e-22	1.2826706228358754e-12	7.182346491616572e-09	1.164617323146599e-13	0.1622802768827046	
0.044085452418341206	1138.5385579407696	4.710823477283547e-31	3.831853684154363e-12	4.669503490256643e-12	2.0816876293458445e-23	7.245925285447696e-06	1.0570604870322383e-16	0.0004568202924383	2.53277769394748e-07	3.786609300124271e-13	0.8366182958524172	8.522392852543353e-12	0.0005402484452866	2.316314788459983e-23	2.2065537791634447e-05	4.791253365899164e-07	6.259293767132066e-05	6.265720898561708e-20	8.21501370473534e-16	1.1380756366484155e-05	2.750016090601623e-13	2.944336996647492e-26	6.999946107797965e-14	4.582604441858939e-19	1.5180122659310104e-22	1.423115544334819e-12	7.119848771436875e-09	4.9120112057310854e-14	0.1622802963626139	
0.05225415213602948	1151.4726760966023	6.576194648397397e-31	3.5058665144684228e-12	4.102064251924578e-12	3.0162725463191055e-23	7.275266271862383e-06	1.2670858584290195e-16	0.0004568150581927	2.44553168708969e-07	4.1493033382862693e-13	0.8366181786536201	1.006818732344109e-11	0.000540271241524	3.104527550824758e-23	2.2065189732707484e-05	4.637917129227928e-07	6.256717045199422e-05	2.0968884033998344e-20	9.98644446744082e-16	1.1447638398843093e-05	9.389051169499685e-14	1.2497934067902087e-26	2.105703977398781e-14	6.1602900513164605e-19	2.0992173159570105e-22	1.717993556524772e-12	7.474229972259628e-09	1.7766209644977896e-14	0.1622803114143109	
0.061936449909706044	1166.0290092919906	1.1909775605879597e-30	3.718829036928888e-12	4.0607511073746495e-12	5.034361871508424e-23	7.301306443052834e-06	1.6114511153716086e-16	0.0004568122070077	2.350043101446515e-07	4.663697077958601e-13	0.8366180472748324	1.1879987487257756e-11	0.0005402932758628	4.520008769786193e-23	2.2064499693511664e-05	4.5018078864032157e-07	6.25442952179881e-05	6.7212377842298806e-21	1.3269806265534805e-15	1.1507008997090775e-05	2.9598412899691114e-14	5.053714506612048e-27	1.8663036344461932e-14	9.15305447762629e-19	3.0647846780752204e-22	2.189113986792838e-12	8.167738133810344e-09	5.460637748893474e-15	0.16228032248338	
0.07341280397070114	1183.042382391087	2.7507901814109225e-30	4.409509857451025e-12	4.342859536186701e-12	9.828481022011974e-23	7.324494514215753e-06	2.1952818710407122e-16	0.0004568114749154	2.246773078584445e-07	5.397068120537538e-13	0.8366178887291068	1.3995591022573548e-11	0.000540314715456	7.177435633133286e-23	2.2063365708553656e-05	4.380577809803878e-07	6.252391612269776e-05	3.2635243212025706e-21	1.941645977485814e-15	1.155989363666982e-05	1.3705507418086844e-14	3.113532426786004e-27	2.1808554080820522e-14	1.522627650667817e-18	5.031244705730209e-22	2.9695371450468767e-12	9.302492010829304e-09	1.7023055403167366e-15	0.162280328787546	
0.08701563933188906	1199.9278958071552	6.506466919269393e-30	5.387367368070863e-12	4.813486014361013e-12	1.9223093545235957e-22	7.345218624688999e-06	2.9878037947306096e-16	0.0004568117618202	2.1449047301924399e-07	6.394247685334711e-13	0.8366177142576317	1.6480840442122862e-11	0.0005403348317377	1.1481827109978824e-22	2.206202790633092e-05	4.272226132803117e-07	6.250569553448668e-05	3.3820521638583745e-21	2.852298262526309e-15	1.1607169297489e-05	1.3381440545482463e-14	4.009596687358774e-27	2.6365261601181288e-14	2.5322883029280693e-18	8.315378200193118e-22	4.0203894628848434e-12	1.0639526452284182e-08	9.471923842118969e-16	0.1622803315864353	
0.10313897683787222	1218.2183917191408	1.7001136296394745e-29	6.863625029749397e-12	5.487504865010644e-12	4.029165121551549e-22	7.363778821947639e-06	4.194672425406863e-16	0.0004568130548248	2.0430404150400667e-07	7.790626969667576e-13	0.8366175014914394	1.939114784003701e-11	0.0005403539064028	1.910255739279376e-22	2.2060265610815323e-05	4.1751836620826073e-07	6.248936594101868e-05	4.865756397278927e-21	4.3739276140179345e-15	1.1649525623895608e-05	1.7780446913236142e-14	7.126903170928451e-27	3.3319995314783254e-14	4.4278641364571355e-18	1.440469811304277e-21	5.595198065414807e-12	1.2398600655031472e-08	9.413154583115445e-16	0.1622803291509042	
0.1222498464050782	1237.9842310047609	4.856968619119941e-29	9.07305960707287e-12	6.405082481331902e-12	8.984381644830552e-22	7.380487296591723e-06	6.0570565466081735e-16	0.0004568151346957	1.941777440729776e-07	9.735887281568473e-13	0.836617232037415	2.2799554404690608e-11	0.0005403720305777	3.290321801527054e-22	2.2057969853288387e-05	4.087843128594628e-07	6.247465092856853e-05	7.595041056357945e-21	6.9687470173021336e-15	1.1687674336850382e-05	2.5271256171354224e-14	1.3733241948126497e-26	4.3750179064414275e-14	8.0997735930914e-18	2.6152345884367605e-21	7.983697152981839e-12	1.4688046115004529e-08	1.0936423490874585e-15	0.1622803201055382	
0.14490181504861976	1258.212801449538	1.3888520696988692e-28	1.2028856876646008e-11	7.515192623343072e-12	2.0030642298752428e-21	7.395576271297319e-06	8.751878097667096e-16	0.0004568173623946	1.846297949131769e-07	1.234104497035857e-12	0.836616902651938	2.680371888737696e-11	0.0005403888059201	5.678759029110891e-22	2.2055230646861837e-05	4.009079228842047e-07	6.246135075882556e-05	1.1935269447875775e-20	1.1110858636389072e-14	1.172212719976911e-05	3.609992242456825e-14	2.651684887978302e-26	5.776073790830217e-14	1.481511082674093e-17	4.749868772182029e-21	1.1385334687452445e-11	1.7418088869035173e-08	1.2960439619096813e-15	0.1622803043200565	
0.1717510215498498	1278.5151594565432	3.8354711935777717e-28	1.5750883361358274e-11	8.779069585818058e-12	4.360003097357274e-21	7.409309077893998e-06	1.252191432662942e-15	0.0004568194201254	1.7583190390738037e-07	1.5710736643836237e-12	0.8366165060683528	3.1515315340492525e-11	0.0005404042039339	9.69399436668877e-22	2.205208695312378e-05	3.937692365821469e-07	6.244924470849812e-05	1.846546289305881e-20	1.747057114579172e-14	1.1753444937380748e-05	5.094897523983745e-14	5.0147839472635556e-26	7.55999755938339e-14	2.6630173481982036e-17	8.481795541695411e-21	1.6071109585555333e-11	2.0549768405335233e-08	1.5316752307169848e-15	0.1622802813578565	
0.20357518222611037	1298.9670842789303	1.0258718320677598e-27	2.03745523177858e-11	1.0200609779665292e-11	9.287877376629396e-21	7.421893998828416e-06	1.7762542903600129e-15	0.0004568212539569	1.6769707864519856e-07	1.9982860285942877e-12	0.8366160258440288	3.706109004716499e-11	0.0005404184442059	1.638106228937735e-21	2.2048493087835235e-05	3.872936086026178e-07	6.243817449953502e-05	2.8123541071796203e-20	2.712549196416021e-14	1.178201695527704e-05	7.10426863799442e-14	9.302582904920432e-26	9.807275144199521e-14	4.712924662588268e-17	1.4916703237396344e-20	2.2481011173069903e-11	2.4128271247772572e-08	1.8014112917881465e-15	0.1622802499345729	
0.24129611832536074	1319.2544196540312	2.5983798883642023e-27	2.579999204579188e-11	1.1727033738237516e-11	1.906746317218053e-20	7.433568828665176e-06	2.481126083816154e-15	0.0004568226317311	1.602709299262507e-07	2.5256768654423877e-12	0.8366154571140565	4.3596317290116194e-11	0.0005404316657357	2.7175380576287214e-21	2.204451845160768e-05	3.814282419746119e-07	6.242799661120771e-05	4.166111743874454e-20	4.119835190430687e-14	1.1808182586563964e-05	9.699661914692023e-14	1.6710804010539943e-25	1.2502088964717734e-13	8.120036277121424e-17	2.554806398604392e-20	3.0967503959131065e-11	2.8084307924947343e-08	2.0962612792699933e-15	0.1622802097930273	
0.28600645757603915	1339.5062059759605	6.296383064517578e-27	3.2103135415630145e-11	1.3361215073656827e-11	3.799131328834856e-20	7.444644196202035e-06	3.423835410922376e-15	0.0004568233776201	1.5343361252324038e-07	3.172044000494969e-12	0.8366147820437253	5.129790140613634e-11	0.0005404442749407	4.4412568254129375e-21	2.2040122882440194e-05	3.7615040215329313e-07	6.241858312475775e-05	6.032090238354175e-20	6.146333106975657e-14	1.1832218415662316e-05	1.301636737637501e-13	2.924699729931352e-25	1.5708183325283665e-13	1.3690676460649602e-16	4.283078286397046e-20	4.213230649495815e-11	3.24574927987633e-08	2.4176055328305038e-15	0.1622801595606485	
0.3390012833314499	1359.592359673734	1.4492933325246403e-26	3.913990924046495e-11	1.5061418720675136e-11	7.310953047119702e-20	7.455618750382589e-06	4.6581667772364265e-15	0.0004568229935518	1.4716324928533973e-07	3.9520480960907e-12	0.8366139927885841	6.037926309132703e-11	0.00054045681047	7.131161593928256e-21	2.203535541476393e-05	3.7147880053278476e-07	6.24098238681211e-05	8.503860083008307e-20	8.979916210021453e-14	1.1854325270389418e-05	1.7118653145895814e-13	4.9669819078014665e-25	1.9397176795830282e-13	2.2507003725726165e-16	7.003109723658431e-20	5.650201453614069e-11	3.719876920808872e-08	2.75801640115406e-15	0.1622800988212506	
0.4018156480603808	1379.2007158949632	3.1138582026430074e-26	4.643397499313333e-11	1.6735234392726265e-11	1.3427484057891013e-19	7.4674412606013e-06	6.216370917460461e-15	0.0004568204526699	1.414853803594996e-07	4.869326410020319e-12	0.8366130985469381	7.109760243106948e-11	0.0005404702557392	1.1178238642601071e-20	2.203037346731893e-05	3.6747247580595124e-07	6.240160028100074e-05	1.156671888913391e-19	1.275513880173562e-13	1.1874682590886224e-05	2.191121657292688e-13	8.101939670886295e-25	2.339136182930012e-13	3.575970294298673e-16	1.1070084767399965e-19	7.431605657821195e-11	4.215152757402719e-08	3.0992532560298704e-15	0.1622800288715123	
0.47626903780279833	1397.8356563870657	6.081880229618371e-26	5.305434856296239e-11	1.823093504762888e-11	2.311669763204548e-19	7.48188535067752e-06	8.07480483708263e-15	0.0004568138165988	1.3645767792953857e-07	5.906506281935691e-12	0.8366121373240155	8.376413299980969e-11	0.000540486459916	1.694243701690189e-20	2.202548085125905e-05	3.642601268616586e-07	6.239382005227993e-05	1.497161343612639e-19	1.7420574315101944e-13	1.189335139829111e-05	2.700738821798013e-13	1.2503375243438723e-24	2.728748966519357e-13	5.417726120323395e-16	1.6693259150006925e-19	9.514125456185396e-11	4.7014091156665215e-08	3.4093672263395558e-15	0.162279953914301	
0.5645180755516963	1416.1683609655124	1.1324798852923854e-25	5.952866266413228e-11	1.968234694912748e-11	3.852222334631752e-19	7.502324349623498e-06	1.0360263273688628e-14	0.0004567997744192	1.3183122812201008e-07	7.106033894051536e-12	0.8366110644772149	9.871612788484352e-11	0.0005405092156647	2.524205181640755e-20	2.2020449017736752e-05	3.620108740283939e-07	6.238633653693423e-05	1.889173246910982e-19	2.3317673778004664e-13	1.191045205746304e-05	3.264949711255479e-13	1.873321223799524e-24	3.1293384482542523e-13	8.010948606960363e-16	2.457400824252566e-19	1.2013109238539222e-10	5.2013440273460966e-08	3.710001024281479e-15	0.1622798715657855	
0.6691189901715635	1433.2145466344016	1.9046934676347065e-25	6.425731362642606e-11	2.0843846888314752e-11	5.988570787006435e-19	7.534970268180063e-06	1.2919598493187198e-14	0.0004567717507096	1.2778993069866154e-07	8.40272430021932e-12	0.8366099745246287	1.1640145457568475e-10	0.0005405448011673	3.624503098440889e-20	2.2015875937467825e-05	3.6095845302521593e-07	6.237902707243425e-05	2.258812089922408e-19	2.9899524545232293e-13	1.1926009911537962e-05	3.7874453329069284e-13	2.640281272888944e-24	3.4603847501091045e-13	1.1244354940258006e-15	3.43554059873806e-19	1.4726817133361883e-10	5.6556566475239755e-08	3.943584633516795e-15	0.162279793008127	
0.7931016603333043	1449.3360996525064	2.98197135141855e-25	6.764779693833478e-11	2.184006664963124e-11	8.859577898114868e-19	7.590578156086666e-06	1.5799626893451852e-14	0.0004567189191387	1.2418055361504464e-07	9.808610978180842e-12	0.8366088500520499	1.3730763764511518e-10	0.0005406043692014	5.0646335229310634e-20	2.2011691192058903e-05	3.613312982176584e-07	6.237165547738518e-05	2.5961051058555363e-19	3.714085888585506e-13	1.1940271596435169e-05	4.261506019301388e-13	3.557866068609337e-24	3.724677511253106e-13	1.5187203538035837e-15	4.6234468170074075e-19	1.7663920725019056e-10	6.071412607362331e-08	4.11999869933749e-15	0.1622797215686313	
0.9400573782282964	1463.609186625311	4.159819316690625e-25	6.843162474868516e-11	2.2506309251889092e-11	1.209974603921003e-18	7.686037237265757e-06	1.868372765710024e-14	0.0004566241533073	1.2114434749933792e-07	1.1213846562586698e-11	0.8366078102933757	1.6206119698758954e-10	0.0005407048786715	6.770772165991315e-20	2.20085471398732e-05	3.6330274066936203e-07	6.236394589574189e-05	2.7996664094936097e-19	4.3825682366860083e-13	1.195363713391766e-05	4.563918202349224e-13	4.455839090598039e-24	3.838150507782384e-13	1.927111490208563e-15	5.848922088061884e-19	2.0450246725405278e-10	6.384032739340002e-08	4.184927972118149e-15	0.1622796754062208	
1.1142428752325098	1477.94175963327	5.822760029190407e-25	6.99890962456302e-11	2.350372469692365e-11	1.6516724858029151e-18	7.845456208431987e-06	2.211428250781753e-14	0.0004564635631229	1.1823552573743689e-07	1.2789955990707347e-11	0.8366066223976274	1.9126870232752769e-10	0.0005408710453888	9.014635415167936e-20	2.200538291407564e-05	3.6701236258938987e-07	6.23553975525718e-05	3.0034868750484763e-19	5.145036684992365e-13	1.1966951454663522e-05	4.864414421037761e-13	5.540905405268128e-24	3.937966402383457e-13	2.430603491806188e-15	7.356011238446207e-19	2.359603847612141e-10	6.69884377130335e-08	4.240258538919621e-15	0.1622796447813763	
1.3207036227366309	1492.3564764210394	8.252340488756221e-25	7.296137366160778e-11	2.5069707704917863e-11	2.264254307418467e-18	8.1030887058174e-06	2.6204115386228504e-14	0.0004562029536703	1.1544150303775616e-07	1.455479693653888e-11	0.8366052354266738	2.2571147707541047e-10	0.0005411371554093	1.1960866091005052e-19	2.2002194882780663e-05	3.724252852657246e-07	6.234532993204468e-05	3.2098467792484777e-19	6.013787367090916e-13	1.1981619330830192e-05	5.163897430486817e-13	6.850333034242619e-24	4.0254570009967524e-13	3.0496567629236847e-15	9.205370158654718e-19	2.714688013051754e-10	7.016355136937033e-08	4.287576620557776e-15	0.162279640635488	
1.5654199796841293	1505.89401170365	1.135966638886056e-24	7.669087236809468e-11	2.727453684020149e-11	3.0255470575983978e-18	8.509088372599068e-06	3.0579893223486504e-14	0.0004557923725413	1.1292741302613744e-07	1.6384586676771095e-11	0.8366037256570263	2.663582711571142e-10	0.0005415530152323	1.5533461065018146e-19	2.199961833592876e-05	3.79266169184793e-07	6.23326098961779e-05	3.3326289416662703e-19	6.855013037245482e-13	1.2000213617647107e-05	5.352492243679047e-13	8.174324058338029e-24	4.0284117810728605e-13	3.710714780646379e-15	1.1177352545190037e-18	3.0696582702989506e-10	7.273834618119068e-08	4.277485972996461e-15	0.1622796924109558	
1.8554804201388424	1519.520017505785	1.6187761073453352e-24	8.387665842259013e-11	3.0923876564392456e-11	4.107279520214228e-18	9.130289641182695e-06	3.569278337363839e-14	0.0004551653794268	1.1049604926554438e-07	1.8402536134119255e-11	0.8366018723171635	3.1419893023938075e-10	0.0005421855207836	2.0130652539373582e-19	2.199706141434745e-05	3.872958988799161e-07	6.231547082569485e-05	3.4592660511788344e-19	7.792138835096197e-13	1.2026509612751553e-05	5.535448530211234e-13	9.720933763561003e-24	4.022209772132187e-13	4.498252309962075e-15	1.3527166720150652e-18	3.4642593441280144e-10	7.530255523874626e-08	4.263002576723184e-15	0.1622798108985835	
2.199286858606028	1532.2464834608634	2.2948267947923864e-24	9.457930862134124e-11	3.654857496571771e-11	5.502943707529586e-18	1.006644463627429e-05	4.0966065210860327e-14	0.0004542227441614	1.0830354874004197e-07	2.0442364307804883e-11	0.8365997057385517	3.704901411850576e-10	0.0005431338897061	2.557527654891352e-19	2.1995194533329595e-05	3.959575354568845e-07	6.22911121485199e-05	3.504867706967353e-19	8.65476302444259e-13	1.2066713252990931e-05	5.601980212575815e-13	1.1189744927478158e-23	3.9386491010515613e-13	5.296942599784682e-15	1.5915678676812724e-18	3.846718707928595e-10	7.719655046199588e-08	4.196891437288069e-15	0.1622800441450644	
2.6067980205769232	1544.0485951507276	3.267949993996204e-24	1.1093482004166964e-10	4.541872787002115e-11	7.313758207331239e-18	1.1451584179046733e-05	4.6183651408453545e-14	0.0004528311089065	1.0632559223715947e-07	2.2452554513002027e-11	0.8365970695423103	4.3656250037909275e-10	0.000544531818855	3.1883806810707983e-19	2.199406079778728e-05	4.0466890160290425e-07	6.225548221647173e-05	3.4775991333283787e-19	9.404882441512104e-13	1.2129550658986793e-05	5.556050594405522e-13	1.2498477585927255e-23	3.7870022032994164e-13	6.064538200624155e-15	1.822603160610769e-18	4.205342963220132e-10	7.838400642015827e-08	4.084739237568188e-15	0.1622804393731789	
3.0898179077880132	1553.4098080601273	4.366078783290887e-24	1.32143406054372e-10	5.873735509542325e-11	9.19714278470345e-18	1.347835797423242e-05	4.9886692427102463e-14	0.0004507989331007	1.047687845933341e-07	2.407061466837483e-11	0.8365939875171071	5.140072097938455e-10	0.0005465709977362	3.801874193638261e-19	2.199466658403148e-05	4.123801932863917e-07	6.220285610443855e-05	3.268819342566379e-19	9.710951949527025e-13	1.2227610457201824e-05	5.252476005688308e-13	1.298800149245323e-23	3.488326967375233e-13	6.5084274713628736e-15	1.95972878880276e-18	4.4341306840300566e-10	7.78769656148025e-08	3.8675858018862676e-15	0.1622810864083447	
3.662337713903369	1561.9335856681391	5.918836971178874e-24	1.6432885333337123e-10	8.000095002274655e-11	1.1552420651533993e-17	1.6362923388705227e-05	5.3044130491019145e-14	0.0004479097705809	1.0334292367891096e-07	2.5517641330836083e-11	0.8365898959607785	6.041626698437783e-10	0.0005494687424171	4.471711256423182e-19	2.199591596201387e-05	4.196348812385458e-07	6.2126272989018e-05	3.0478246308553164e-19	9.872762170097952e-13	1.237429868104978e-05	4.900139397592515e-13	1.321946389275166e-23	3.173125817103452e-13	6.8322060228298766e-15	2.0647174732927853e-18	4.6202834849955356e-10	7.677111021020476e-08	3.6341942079080766e-15	0.1622820340074401	
4.34094109457766	1568.0136696801244	7.515356298861719e-24	2.0634987146601926e-10	1.1260660145413955e-10	1.3734514254978564e-17	2.04660218755989e-05	5.40554896196263e-14	0.000443804509495	1.0225315436741528e-07	2.637199544470359e-11	0.8365845813401499	7.085710570769128e-10	0.0005535846537091	5.052669823201267e-19	2.199876624533788e-05	4.250327165557791e-07	6.201671238406853e-05	2.7267026171931995e-19	9.586788935958916e-13	1.2589191624244764e-05	4.383921230096109e-13	1.2624786933331807e-23	2.7784180553905506e-13	6.751961531686519e-15	2.0533641752479604e-18	4.656743271523855e-10	7.413433006148362e-08	3.3337670703428428e-15	0.1622834267430657	
5.145284530985853	1571.742961877575	8.914098842527958e-24	2.597880996015478e-10	1.6241408234980274e-10	1.545501729388341e-17	2.62396310967436e-05	5.2827404808934456e-14	0.0004380323771523	1.0143024146894313e-07	2.6552914385791057e-11	0.8365773834027841	8.282450015063164e-10	0.0005593705374387	5.50731192317349e-19	2.200299124601328e-05	4.277983713439593e-07	6.186433595771789e-05	2.3624322051817132e-19	8.930208418803296e-13	1.2892862253679492e-05	3.7801023128347714e-13	1.1394448558150833e-23	2.350942822396184e-13	6.309867376907623e-15	1.9376101171926404e-18	4.5529353774186247e-10	7.021083820733114e-08	2.9950606156367438e-15	0.1622854103282083	
6.098666701068888	1573.0809822900767	9.696531447449462e-24	3.2198539824029797e-10	2.357091315522038e-10	1.6308517802890706e-17	3.417408539065659e-05	4.939253628061735e-14	0.0004301046155067	1.0081581953853318e-07	2.599081145375797e-11	0.8365675898652151	9.636469933756731e-10	0.0005673162370428	5.798924731374581e-19	2.2008399771381773e-05	4.269016841542917e-07	6.166008535455818e-05	1.9918732517286522e-19	7.98680536251128e-13	1.3304589209009482e-05	3.146571102926013e-13	9.741695050406308e-24	1.9239584021235225e-13	5.579484601379942e-15	1.737242619247389e-18	4.3210680637431877e-10	6.52117352245977e-08	2.639077039523808e-15	0.1622881424515486	
7.228703350949566	1574.0	1.0347292163583339e-23	3.9637657656697076e-10	3.410691852099099e-10	1.698240870287442e-17	4.453973830907808e-05	4.5736687270562415e-14	0.000419749047454	1.0005766026735645e-07	2.5099092813887647e-11	0.8365544800342093	1.1144580747139948e-09	0.0005776949870625	6.110316649123205e-19	2.201376855786084e-05	4.245473584054874e-07	6.139529166040189e-05	1.7143679551774876e-19	7.139786749300772e-13	1.3839538656542143e-05	2.629368706987252e-13	8.361519911199132e-24	1.575812027798645e-13	4.902698449470588e-15	1.5541968803294732e-18	4.093547294946455e-10	6.036191951906506e-08	2.3332269684612164e-15	0.1622916826801149	
8.568127214899482	1576.472111232359	1.1652349513208143e-23	4.91987711368174e-10	4.906565251383687e-10	1.841334222729713e-17	5.7413600038101184e-05	4.353596477128029e-14	0.0004068852950291	9.880680168198805e-08	2.4280991245489766e-11	0.8365376724577714	1.2797553681851124e-09	0.000590587879549	6.667051545980707e-19	2.2018178832955644e-05	4.2417312637666886e-07	6.106089551394421e-05	1.570980045074659e-19	6.637232958642974e-13	1.4512380143248344e-05	2.291271670813616e-13	7.624046880468806e-24	1.335837903891452e-13	4.492341527352264e-15	1.455240657679572e-18	3.9779571663700444e-10	5.6577006810129316e-08	2.115343090370178e-15	0.162296035381236	
10.15573615440418	1577.822325257465	1.2490983138763997e-23	6.008392658753878e-10	7.016106156284328e-10	1.9288988036836386e-17	7.422023612048419e-05	4.049785405230213e-14	0.0003900948805609	9.724324697803005e-08	2.288579724782713e-11	0.8365156198888749	1.4538243949532367e-09	0.0006074161514269	7.2199187440904805e-19	2.2023014809386823e-05	4.210998247970939e-07	6.063276864121179e-05	1.4479920432523405e-19	6.095456607722679e-13	1.5376494482250796e-05	1.9860537131243186e-13	6.88344104700468e-24	1.1225538111521625e-13	4.0287713069815775e-15	1.3419519781631297e-18	3.828807785816263e-10	5.25493375910987e-08	1.9169337533627684e-15	0.1623017039951498	
12.037516980200671	1573.4608105036498	1.062839864644314e-23	6.887913936037906e-10	9.917230712202231e-10	1.7130132379249814e-17	9.827643279478248e-05	3.3437982989785164e-14	0.0003660765347021	9.547112682915085e-08	1.9952949399710244e-11	0.8364843603251141	1.6186026478865734e-09	0.0006314878561174	7.233506483905388e-19	2.2030110799706508e-05	4.037307620577497e-07	6.007814127839965e-05	1.2273082812234751e-19	5.060225254182504e-13	1.6510005327390025e-05	1.5795487385572725e-13	5.463466021043179e-24	8.676304988722859e-14	3.176281152870127e-15	1.1008718752441553e-18	3.4418566149003583e-10	4.6608304452092745e-08	1.665820013943774e-15	0.1623098183019357	
14.26797751000857	1563.4157304396676	7.042673416439743e-24	7.28644175302601e-10	1.3630061624098806e-09	1.2767001843141889e-17	0.000132242519068	2.4122053438618728e-14	0.0003321775949677	9.263547084819109e-08	1.584307996446346e-11	0.8364401190010712	1.744680556636215e-09	0.0006654626066157	6.734358648294994e-19	2.203888139918928e-05	3.683324568586001e-07	5.938241603676176e-05	9.607557726767448e-20	3.788525354658793e-13	1.7946554133565582e-05	1.1532590019597517e-13	3.822414852337637e-24	6.1547070441612e-14	2.2040136701217546e-15	8.06581033731917e-19	2.8950184739220445e-10	3.945305568234377e-08	1.3948593825330608e-15	0.1623212264543906	
16.911725446448067	1547.1576563789129	3.3651153284307976e-24	6.73788401101818e-10	1.7375881716414914e-09	7.632656946683311e-18	0.0001773450145028	1.4593525334426512e-14	0.0002871796513937	8.760292517516891e-08	1.1222059983111828e-11	0.8363810954920482	1.794378210928637e-09	0.0007105633966139	5.744373184362103e-19	2.204878579234997e-05	3.1046366321407465e-07	5.85703350407072e-05	6.841231615211499e-20	2.5049655994221535e-13	1.9641411661663444e-05	7.571219039240343e-14	2.291516546635623e-24	3.9329761540089586e-14	1.3204232022103905e-15	5.176457004887063e-19	2.2533853136645288e-10	3.1672851903480994e-08	1.1150002828619788e-15	0.1623362999145938	
20.0453398090524	1530.9898771392373	1.4445971806581191e-24	5.64094118721299e-10	2.0102090916161712e-09	4.3155104412817334e-18	0.000226879975217	8.349988769096159e-15	0.0002377623302619	7.951797712874429e-08	7.581853668280763e-12	0.8363156688670347	1.767507170354235e-09	0.0007600984781882	4.89613240237969e-19	2.205740098278885e-05	2.484516009087018e-07	5.769289391524162e-05	4.952085476270754e-20	1.6458922017835044e-13	2.147232382791916e-05	4.94952559458942e-14	1.367218095239763e-24	2.4993065337978247e-14	7.875677970131941e-16	3.313669177845746e-19	1.7509012868041347e-10	2.5372011690493672e-08	8.92004568314742e-16	0.162352794454185	
23.75958912842765	1526.309189215267	9.400230285430156e-25	5.035254586312517e-10	2.224734120944286e-09	3.3337507508905104e-18	0.0002666786454658	6.0148584826942775e-15	0.0001980485784249	7.021504251672598e-08	5.7671877498379406e-12	0.8362623680255217	1.7469558728313922e-09	0.0007999123780555	4.973737419881316e-19	2.2062233980096427e-05	2.0970846547468145e-07	5.686423290894951e-05	4.4597259511926243e-20	1.3570579762802853e-13	2.3179602943883148e-05	3.959613115292674e-14	1.0987227956775403e-24	1.9219934186752556e-14	6.19261600147573e-16	2.744776672984419e-19	1.5798643428204875e-10	2.239018914994993e-08	7.889336570668519e-16	0.1623660372213914	
28.16206065495393	1527.3909619006808	7.526572339039142e-25	4.6193171396005325e-10	2.393892407428177e-09	3.0130135320062713e-18	0.0002993481592609	4.87193584678084e-15	0.0001654457579543	6.095432639640538e-08	4.672497744011131e-12	0.8362182281267994	1.7292408478959112e-09	0.0008326007841518	5.497831535107348e-19	2.2065382033068943e-05	1.8180071298947362e-07	5.605897473999053e-05	4.4671150503343446e-20	1.254966640806891e-13	2.482723158864815e-05	3.4981857871830285e-14	1.0213688883180744e-24	1.6272731062060912e-14	5.593628002133646e-16	2.580168453318146e-19	1.5347671328953718e-10	2.076205981105098e-08	7.306318531742583e-16	0.1623769292222523	
33.38027673990301	1524.5973830575826	4.826577232520223e-25	3.832141411836201e-10	2.418191067022826e-09	2.3510548786714935e-18	0.0003326750696367	3.4865043758066976e-15	0.0001321950213089	5.087658535127134e-08	3.50530595785334e-12	0.8361732995908776	1.6387513631511427e-09	0.0008659402952789	5.647201906457475e-19	2.206907862909206e-05	1.4801724226881284e-07	5.52120363785664e-05	4.168356486780567e-20	1.0673546017872909e-13	2.656431894709208e-05	2.848714521815648e-14	8.41286347733702e-25	1.2830157047537136e-14	4.563818658795818e-16	2.1908063795415487e-19	1.4069425419775502e-10	1.8619380775709317e-08	6.452548155138139e-16	0.1623880598369418	
39.56538865832268	1518.6191776688397	2.545155009343981e-25	2.8917064504603154e-10	2.292096250457171e-09	1.6146589215052282e-18	0.0003646165827105	2.232859643026876e-15	0.000100331526693	4.041553163006872e-08	2.437217077248369e-12	0.836130210928835	1.4763093202213123e-09	0.0008978907768151	5.431731940176503e-19	2.207295215694937e-05	1.1346317229177405e-07	5.431639338042202e-05	3.670934399512758e-20	8.468102212379827e-14	2.8399239122420663e-05	2.1628852390495984e-14	6.237404561930075e-25	9.53455165624799e-15	3.413657279396839e-16	1.7013150441822186e-19	1.2261673334897463e-10	1.6240138184969152e-08	5.452040545869299e-16	0.1623987618248119	
46.89655486926544	1517.4928229333188	1.631944058694736e-25	2.2774324906726539e-10	2.163259128561938e-09	1.2793385018117977e-18	0.0003880841387365	1.5978771278383481e-15	7.692012911107727e-05	3.185258313327003e-08	1.8034356899913969e-12	0.836098146825485	1.3418699098954715e-09	0.0009213682935028	5.6003549519340975e-19	2.2075525712489303e-05	8.999841615540657e-08	5.341809941058639e-05	3.524015727492427e-20	7.421683170022042e-14	3.022601201471663e-05	1.7884031007545327e-14	5.232694907721072e-25	7.704924008833448e-15	2.869072418239215e-16	1.4676863947502353e-19	1.1364645500061319e-10	1.4772948320464582e-08	4.779620162766215e-16	0.1624066950177302	
55.58613053440591	1521.78475995429	1.3323817683954039e-25	1.9243206439646622e-10	2.0777624644814853e-09	1.2032785249404868e-18	0.0004041973323912	1.3144535787709912e-15	6.084393433554909e-05	2.546542596582128e-08	1.4550925184871713e-12	0.8360756339075757	1.2567258882448199e-09	0.0009374914485854	6.282371783458129e-19	2.2076982194615787e-05	7.528511514715123e-08	5.250148278823803e-05	3.72146104193171e-20	7.28846532375301e-14	3.207863137877968e-05	1.6359596885095725e-14	5.0857198941691925e-25	6.8547889780044845e-15	2.7569963720358136e-16	1.433808817967831e-19	1.1322398954741535e-10	1.4087068796762898e-08	4.395256739192223e-16	0.1624122309700889	
65.88581861506815	1526.7993096883126	1.1072472765711443e-25	1.6192308141239308e-10	1.9740463329863493e-09	1.1492237417277834e-18	0.0004170734726308	1.0956935999226772e-15	4.799823855000314e-05	2.0207547689948863e-08	1.1822407787110897e-12	0.8360572910988507	1.1736279073877647e-09	0.0009503755231012	7.08658208469068e-19	2.2078182217158853e-05	6.31174909786077e-08	5.150719550672593e-05	3.969528097591572e-20	7.273194682163565e-14	3.4083174597197776e-05	1.5142233288240335e-14	5.017785045378135e-25	6.182909638269568e-15	2.68796047749646e-16	1.4157015881709023e-19	1.1355083365524782e-10	1.3514035186956218e-08	4.045280718280394e-16	0.1624167393092322	
78.09396072084505	1531.7735598656134	9.048521751110258e-26	1.3429323747858148e-10	1.8498693064782798e-09	1.0877007081337651e-18	0.0004275853771916	9.08159861163093e-16	3.751231708014414e-05	1.584604759493813e-08	9.535277978560785e-13	0.8360419329527685	1.0858552856608631e-09	0.0009608935474868	7.940902275771748e-19	2.207926522782796e-05	5.267705112917993e-08	5.0396904276445096e-05	4.217094492606674e-20	7.267542863715523e-14	3.6317380761149686e-05	1.3997688771900716e-14	4.927857584479252e-25	5.585499975410882e-15	2.608786297322125e-16	1.387837075026787e-19	1.1345589021541319e-10	1.2956050396627644e-08	3.700316986343238e-16	0.1624205178401647	
92.56417889712792	1539.7423358077003	8.480970801631239e-26	1.1659319810637078e-10	1.7643034846328874e-09	1.1327148738675611e-18	0.0004351203795301	8.173298703718647e-16	2.999525222299548e-05	1.2615985588223086e-08	8.093105124200359e-13	0.8360302823890879	1.0271675697816134e-09	0.0009684346671691	9.332565032498372e-19	2.207987772079236e-05	4.5593484544157734e-08	4.916662638208439e-05	4.702923324509573e-20	7.745805583635372e-14	3.878739848355381e-05	1.3726670253455984e-14	5.268831971841953e-25	5.331704126194664e-15	2.7230957144666007e-16	1.4577083637538184e-19	1.1797088376429768e-10	1.2737408755443206e-08	3.481493648778085e-16	0.1624233618315222	
109.71561867027283	1550.0067321854624	8.806447953046522e-26	1.0485092353527469e-10	1.7071922442077762e-09	1.2665562296695773e-18	0.0004407053918722	7.840122651203067e-16	2.4422853221337804e-05	1.0173399008892552e-08	7.139005717717376e-13	0.8360209324918119	9.889147638672211e-10	0.0009740259291702	1.1366876402515773e-18	2.208017027398173e-05	4.0661363548993594e-08	4.776728641995312e-05	5.426430632875209e-20	8.677579759285769e-14	4.159288080069661e-05	1.409639599706096e-14	6.015044457017068e-25	5.312713914314216e-15	2.9998962414079083e-16	1.6118980775055892e-19	1.2635805170716775e-10	1.2756567067192082e-08	3.346326917724351e-16	0.1624256223701294	
130.04509005129003	1557.0657693034543	7.724664179358892e-26	8.806481076222975e-11	1.591349402350587e-09	1.2635408743267174e-18	0.0004459945344745	6.826786961245465e-16	1.9148361337313447e-05	7.936166963553962e-09	5.901672708011145e-13	0.8360119298123421	9.175031619179539e-10	0.0009793185757258	1.3037645034224356e-18	2.208080425557264e-05	3.4623202591423375e-08	4.626252536336676e-05	5.893853453508568e-20	9.080731587938553e-14	4.4610279548132514e-05	1.3551329041605324e-14	6.223649484269468e-25	4.996160789285167e-15	3.039077426942107e-16	1.6395796770372114e-19	1.2904307516430268e-10	1.2427290161402713e-08	3.094439659133629e-16	0.1624278290070031	
154.14145817536422	1565.0784500256632	7.04030876843568e-26	7.484596972504489e-11	1.4888139272749055e-09	1.295024725684317e-18	0.0004500572109968	6.107750962547451e-16	1.5097317903121989e-05	6.2098238944298724e-09	4.948113855040584e-13	0.8360042371392742	8.558683093331486e-10	0.0009833847141712	1.51519054734343e-18	2.208129469740557e-05	2.989101065118898e-08	4.453707562009484e-05	6.462288340289237e-20	9.720325198449253e-14	4.806746254528638e-05	1.3300133501439111e-14	6.6217981558649575e-25	4.793018035088465e-15	3.143426901003157e-16	1.7002984002817253e-19	1.3327198339867374e-10	1.2195119871840131e-08	2.883036984303811e-16	0.1624297070310885	
182.70270041765377	1586.4792772871854	1.2109118334378157e-25	8.137534037826929e-11	1.5805947038453723e-09	2.045845864092339e-18	0.0004515221090131	7.969919632746666e-16	1.3629938542170411e-05	5.445055702907721e-09	5.296844612350184e-13	0.8359990442814385	9.115415265338407e-10	0.0009848605404589	2.2052772042364106e-18	2.208032058236058e-05	3.0951582894014805e-08	4.239822452959351e-05	8.747734329192252e-20	1.370585986965476e-13	5.234493009438799e-05	1.6985445130703064e-14	1.035270839170364e-24	5.8194366064111716e-15	4.482268813242768e-16	2.4183210400547913e-19	1.6490682590545935e-10	1.3320216368908508e-08	3.096225955719436e-16	0.162430842375686	
216.55612406317542	1626.1219828276403	4.665803417132742e-25	1.2120973528157783e-10	1.9755252399168013e-09	5.596630176538828e-18	0.0004504872317536	1.569373217228638e-15	1.4642210849512092e-05	5.534806527854331e-09	7.736345886553887e-13	0.8359981464622376	1.1512273873208502e-09	0.0009838467256314	4.275642931120874e-18	2.2076947429437655e-05	3.776561414336213e-08	4.156690505023612e-05	1.5950979037268022e-19	2.560061366422907e-13	5.4000327389822254e-05	2.8320278135313478e-14	2.4673182142843434e-24	8.897471990852958e-15	9.605916044061562e-16	5.1402002622436575e-19	2.5672898158437545e-10	1.6660161089425073e-08	3.987959427911534e-16	0.162430678069312	
256.68233015746944	1671.2376233637683	2.079433893796221e-24	1.9096078520997263e-10	2.540628208154169e-09	1.6912568252900573e-17	0.000448875998783	3.3078273623444402e-15	1.6218909979735447e-05	5.776204434925391e-09	1.1944308459252116e-12	0.8359979068327328	1.498715458873749e-09	0.0009822656667598	8.738666242372616e-18	2.207216110218283e-05	4.7154990211136314e-08	4.1150268283331576e-05	3.0797176937926373e-19	5.003357115372482e-13	5.482330485890925e-05	4.9278757297582456e-14	6.3149974991316275e-24	1.410088105788488e-14	2.2185821703810548e-15	1.1761135091541821e-18	4.168234965708015e-10	2.1357756485304592e-08	5.311036291175014e-16	0.1624301366983842	
304.2436176769003	1716.2955543254234	8.31254991432328e-24	2.8815312593944117e-10	3.193539781798204e-09	4.7484800535129405e-17	0.0004475134144794	6.503788855624121e-15	1.7539623255381057e-05	5.908966255647398e-09	1.767726702501283e-12	0.8359969747312297	1.9064426861200598e-09	0.0009809404840161	1.7202069935870358e-17	2.2066534041499863e-05	5.676916332751316e-08	4.091394413924882e-05	5.742253778623707e-19	9.290869627750078e-13	5.528525048709244e-05	8.163710620410811e-14	1.5081193356441994e-23	2.1372758891996224e-14	4.85684318583553e-15	2.552463417128389e-18	6.565188482413355e-10	2.6889466234701226e-08	6.906596797764962e-16	0.162429566737793	
360.61765077612336	1769.5700394458686	4.120538393207526e-23	4.721545104071986e-10	4.1844345925919665e-09	1.5448310926526982e-16	0.0004451484897031	1.4476219611081733e-14	1.983618534442909e-05	6.280163472605251e-09	2.8392552394951974e-12	0.8359957777569559	2.535051931572206e-09	0.0009786356957067	3.660679291888123e-17	2.2058141441817414e-05	7.237271687508968e-08	4.067659135555888e-05	1.1544096010091326e-18	1.88919227105727e-12	5.574244984636907e-05	1.4749667136298166e-13	4.097702555034218e-23	3.4980480121934105e-14	1.1878916680812034e-14	6.177443214180614e-18	1.1003712717316855e-09	3.5114153575312333e-08	9.434010016464877e-16	0.1624285372205745	
427.4373643209664	1840.1058102410125	3.3086768283268253e-22	9.294994770396292e-10	6.0082492522025834e-09	6.994429023079522e-16	0.0004400585278861	4.2669313356395865e-14	2.478916030706676e-05	7.261277977487845e-09	5.4804827629705225e-12	0.8359939933014015	3.720695125782866e-09	0.000973664630705	9.27016488338927e-17	2.204311229163944e-05	1.0513391507215489e-07	4.036955512920008e-05	2.7495357407314993e-18	4.722900707663778e-12	5.6319705702358645e-05	3.2446455136219826e-13	1.489825014259763e-22	6.820993874642004e-14	3.725124566294498e-14	1.9079514058345145e-17	2.1198154243140233e-09	4.978399830155142e-08	1.4373776549137329e-15	0.1624262982186207	
506.63826361366387	1921.3355267574264	3.066945519107452e-21	1.9228051583235153e-09	8.807605025500936e-09	3.501815792333394e-15	0.0004328335534172	1.3678098828286166e-13	3.1781492106993535e-05	8.569595445502011e-09	1.1153331400065971e-11	0.8359884151470467	5.604944438251911e-09	0.0009666439741591	2.477290398815525e-16	2.2019907292588587e-05	1.5842466786847733e-07	4.003418315554775e-05	6.912592261183146e-18	1.2604932703282871e-11	5.69301413392871e-05	7.588370296245709e-13	5.931459812747919e-22	1.405020440663097e-13	1.2637176632061298e-13	6.35700192367878e-17	4.2640295735607166e-09	7.241811774886035e-08	2.262458921228731e-15	0.1624228169074081	
600.514488398175	2008.273468172326	2.6610910470613007e-20	3.852122484143631e-09	1.2637769411769953e-08	1.6806631561983443e-14	0.0004242954627875	4.234120998111397e-13	3.996127392530973e-05	9.935909012092536e-09	2.207184744429096e-11	0.8359745869956269	8.29164698796756e-09	0.0009584251462227	6.484083069402231e-16	2.198719590185511e-05	2.345009322689875e-07	3.960428231691519e-05	1.703426114185109e-17	3.2981521474405185e-11	5.770274258447404e-05	1.7394139265312404e-12	2.289705036248565e-21	2.8445596037476825e-13	4.170640743053114e-13	2.058120170416196e-16	8.436545390413493e-09	1.0432319489435067e-07	3.508894728520637e-15	0.1624181013683293	
711.7852651001311	2098.4294064593355	1.9947918338359842e-19	7.254074981817678e-09	1.7496807840140295e-08	7.317909654833891e-14	0.0004152433074161	1.2121061039737802e-12	4.8495098287652427e-05	1.1171203216861893e-08	4.1192644930343577e-11	0.8359470678046114	1.1856999725588548e-08	0.0009498399007075	1.615492264001375e-15	2.1943665166838e-05	3.3488471961475937e-07	3.898104637812722e-05	3.9919363650613474e-17	8.200136042980765e-11	5.883183121696877e-05	3.794944741980108e-12	8.194563858870272e-21	5.514411253278348e-13	1.2846473176588172e-12	6.218800247311958e-16	1.6043771008671954e-08	1.467648341104129e-07	5.267400316960494e-15	0.1624120785234634	
843.6736721624842	2190.4656270208725	1.2610183916128153e-18	1.2745081041101462e-08	2.331926420761523e-08	2.8416071593467643e-13	0.0004064235490893	3.166445786245136e-12	5.660129932724938e-05	1.2153761057804348e-08	7.185951276278172e-11	0.8358997513996471	1.6332044282607e-08	0.0009416668388045	3.798307664972703e-15	2.1888290010253487e-05	4.591175263350622e-07	3.812753511695275e-05	8.806924144882243e-17	1.9166810756743638e-10	6.038923654603508e-05	7.805631585341576e-12	2.6802802209031166e-20	1.0144687080349068e-12	3.643641391264248e-12	1.7318171520658992e-15	2.9114039868210483e-08	2.006937930607423e-07	7.614863403538573e-15	0.1624045666940886	
1000.0	2286.5425101214573	7.157577559094651e-18	2.140413068534862e-08	3.029036975399247e-08	1.0271018448616552e-12	0.0003976495907618	7.80417599949954e-12	6.439138921774784e-05	1.2942543414246168e-08	1.2000238276241024e-10	0.8358236375467611	2.195628711971816e-08	0.0009337847133949	8.621105320866291e-15	2.1817411657851936e-05	6.127309711286987e-07	3.711240084050287e-05	1.8714485822196302e-16	4.3112804069140884e-10	6.222722582539216e-05	1.5476973479737428e-11	8.29386745014212e-20	1.805368169734984e-12	9.826220236861427e-12	4.587995676223549e-15	5.1334085065432685e-08	2.69555707505539e-07	1.0753447796611812e-14	0.1623946799382605	
