28
C2	C2H2	C2H4	CH	CH4	CN	CO	CO2	CS	H2	H2CO	H2O	H2O2	H2S	HCN	N2	N2O	NH	NH3	NO	NO2	NS	O	O2	OH	SH	SO2	He	
1.66523875663252e-08	4270.795539812707	4.1194751009452657e-13	0.0	0.0	1.486187187792716e-11	0.0	7.717858362999158e-12	7.026145106101106e-11	1.9412460497901964e-24	1.95293962743288e-15	6.779755730439738e-07	1.02429145587586e-26	1.9408133831466582e-16	1.5963374674502748e-30	1.0008450147990519e-20	2.376145730646117e-17	1.856006667319258e-12	7.570685503248834e-27	4.1258191952348147e-14	1.867706438903297e-27	4.9247731486320256e-14	6.2796452098831645e-27	5.584026260367823e-19	0.00012900334868	1.3387127904898244e-14	1.7859575815402938e-10	1.098866843511845e-13	0.0	0.0635599647071217	
1.97379485881576e-08	3208.439078732896	1.0043503253915972e-10	2.2170687602474813e-18	7.376307058705634e-29	2.7568314206755857e-10	1.3710659999661146e-25	3.3340332954845596e-10	5.484111184913017e-09	1.5193837923431987e-19	4.2665087238495943e-13	2.202546355909915e-05	1.1686250956038114e-23	5.801228584970808e-13	1.790174045162289e-26	1.3370105594958973e-17	6.284820064921618e-14	2.2692909755886677e-10	3.8127181122566535e-22	9.780775718892872e-12	1.6339957892755172e-22	7.177583254280301e-11	1.4641759108176454e-22	1.919027096801945e-15	0.0002363825473046	2.4285784931654893e-12	1.0139490661731478e-08	8.480382307265409e-12	2.724315655592286e-21	0.073220750263072	
2.33952406474482e-08	2347.053717715271	9.675595329810027e-10	1.6408806381790474e-14	1.264588095761293e-23	9.033231821739661e-10	2.033118000749572e-22	4.013686303688971e-09	1.2973837542714556e-07	1.2012416189224346e-14	7.569207324208428e-12	0.0002407239936932	8.7503286281403e-21	1.905612204970605e-10	1.9281867958993803e-24	4.689991931364612e-16	2.1131032820071648e-11	9.946096776071062e-09	3.5550483461008365e-18	2.403451446294829e-10	2.4395479273894893e-19	9.399553012492424e-09	4.118500202896152e-20	6.223789173966923e-13	0.0003264152384137	1.0840846742505439e-10	1.4012605642398976e-07	6.535167747468674e-11	9.93137303078508e-18	0.0794351331643879	
2.77302011659106e-08	1765.7163002885895	1.1314166901611531e-09	8.20566698129186e-12	1.8306465445743523e-24	1.215570734783654e-09	7.79437906382547e-20	3.5598981775041596e-08	1.5008423493979408e-06	1.0843426885309187e-11	5.318474425530655e-11	0.0016184751790876	1.9967548201994418e-18	2.3139240659580235e-08	6.040275588267802e-23	2.8131470390757068e-15	3.152421693267235e-09	1.6169878726977898e-07	4.278598646504921e-16	5.306741364420511e-10	1.3522304533670193e-17	1.2015579677144246e-07	3.9333778382245664e-19	1.0841920794114019e-11	0.0003834844781151	2.6261538630827656e-09	9.904330588968443e-07	1.6100688054536623e-10	5.64633689515519e-15	0.0829873622746154	
3.28683969654205e-08	1454.702329377856	6.593855118210883e-10	3.5560307490127816e-10	5.425641744497552e-22	1.3480567676847346e-09	1.0052409594175139e-17	1.9405995715292866e-07	1.0580329791367132e-05	1.073954940304918e-09	3.5025778877392975e-10	0.0075315866705217	1.560954208945566e-16	9.826917689868882e-07	3.3671193382544077e-21	9.866832299394178e-15	1.21683906048831e-07	1.345054005021863e-06	5.777613041813494e-15	4.1236998022301204e-10	2.3971650488971586e-15	6.638014696770181e-07	1.4715755287871853e-18	3.1177281566128954e-11	0.0004089350156065	3.2605015661047324e-08	4.490840642121432e-06	2.8058891551829383e-10	5.633420220279668e-13	0.0853548462712711	
3.89586614468756e-08	1321.5014522095948	1.5075809416258742e-10	1.0612750763355323e-09	1.730264636788063e-20	1.7646364434357723e-09	5.569196556840972e-16	5.251786285489909e-07	4.815975399104867e-05	2.6461390523340772e-08	1.3982836770135274e-09	0.0257587829351201	4.1970093114497505e-15	1.461058345570035e-05	6.418492292736414e-20	4.3769243309052987e-14	1.3359299863639969e-06	6.280705740978334e-06	4.3519657280112775e-14	5.177581622564845e-10	4.072039091804925e-13	2.1139726111559577e-06	5.0232935366165306e-18	6.543818293266773e-11	0.000381266784744	1.6460710469602954e-07	1.384597700133468e-05	5.716954568817535e-10	1.3451268814795374e-11	0.0880364449591296	
4.6177405710690994e-08	1200.2959735478128	2.2013683306926087e-11	7.913006766927331e-10	1.5037165462817305e-19	1.0925876812984755e-09	5.4328428279616004e-15	5.952460006577011e-07	0.0001211768377516	2.2145035564931175e-07	2.5793476268134453e-09	0.0609602941158706	2.062769080557733e-14	7.805211839276127e-05	3.6322713286619707e-19	8.430035671348309e-14	4.04117961931312e-06	1.5228110303895096e-05	9.331128372674112e-14	3.53976348959116e-10	7.559799042621006e-12	3.284416729552362e-06	4.112503565362265e-18	8.605800173522761e-11	0.0002716461978124	3.6872406334511437e-07	2.279055858761504e-05	7.464134911900175e-10	9.084094433220329e-11	0.0918532703912425	
5.47337284952012e-08	1122.784341581393	3.4284375926152588e-12	4.272270921814811e-10	3.9847830113977153e-19	5.066404001724483e-10	1.6148710051058623e-14	4.08119836109961e-07	0.0001862091826898	6.465773108801278e-07	2.575296360743448e-09	0.1038271424472292	2.7862727820396894e-14	0.0001641407001501	6.469388152071185e-19	1.1623332635388946e-13	5.211585423977176e-06	2.338154982802875e-05	8.656198508477614e-14	2.0318341249475386e-10	1.9483647874375828e-11	3.079658961572881e-06	1.671257003250572e-18	1.063534696316242e-10	0.0001581580616812	3.5626704184189777e-07	2.255014114392416e-05	8.394470680769871e-10	1.8961609182795978e-10	0.0961091485315447	
6.487547294786269e-08	1067.1067239169524	5.787959412225279e-13	2.1629334128359856e-10	5.45954683664305e-19	2.1141033390715443e-10	2.477422443851932e-14	2.482985367451613e-07	0.0002292779983854	1.166099085858995e-06	2.0179430025139e-09	0.1460921990049003	2.1119792003760417e-14	0.0002266469837996	7.28303126193156e-19	1.3003386989258097e-13	4.9525969436114894e-06	2.972838005913926e-05	5.46981026913825e-14	1.0651341025704531e-10	2.3195947878313265e-11	2.365475877741385e-06	5.519290758232299e-19	1.240811445299305e-10	9.147658928371524e-05	2.603312229443478e-07	1.8467581537704684e-05	8.570494541431884e-10	2.463727627091362e-10	0.1001749416854548	
7.6896405670187e-08	1017.9278623189048	1.0741122973476693e-13	1.1170862836196165e-10	6.418688921975227e-19	8.306572866654269e-11	2.642002848489005e-14	1.5350865606060986e-07	0.0002573186028265	1.6959540451922869e-06	1.520873271000749e-09	0.1859226510367161	1.2798956013127775e-14	0.0002682434534017	7.503709952920319e-19	1.1987472314968297e-13	4.322518997839235e-06	3.453208295942717e-05	3.0332422018750865e-14	5.298660771167713e-11	2.231340621396989e-11	1.7026454263827766e-06	1.7058349004509578e-19	1.3240416682411435e-10	5.669684954532115e-05	1.9441795787765773e-07	1.4599566803244258e-05	7.892330371469364e-10	2.862785662954553e-10	0.1039379154470468	
9.114472598521169e-08	989.6948760354708	2.6690785959431103e-14	6.489057888125069e-11	6.144030166635336e-19	4.078874661408631e-11	2.935159664676349e-14	9.715877600077024e-08	0.0002772798390355	2.107371749622665e-06	1.181436478891134e-09	0.224010615657773	8.431116982672222e-15	0.0002994512883396	7.002207643685737e-19	1.3092298977958246e-13	3.7740291047625e-06	3.822990773668291e-05	1.646358777763965e-14	3.055961399548526e-11	1.864611980601209e-11	1.195597960233107e-06	6.767191943768063e-20	1.4623856348739295e-10	3.672358864383689e-05	1.3311159805419378e-07	1.158119755598413e-05	8.093198790905155e-10	3.0731776272716493e-10	0.107482523814195	
1.080331519076466e-07	961.530850003989	7.890438094548146e-15	4.216472684538306e-11	6.911759125698184e-19	2.0845502036735206e-11	3.0862823821538165e-14	6.533190512463857e-08	0.0002930321613971	2.4489231495839424e-06	9.77166962094654e-10	0.261005495587785	5.644278905930239e-15	0.0003240313284805	6.633231933412087e-19	1.3010624193548988e-13	3.3860086714529247e-06	4.1170049236866056e-05	9.098659982915371e-15	1.769567909530072e-11	1.5978446474600625e-11	8.400728003549365e-07	2.6994897668739732e-20	1.5527845588983603e-10	2.477896524453668e-05	9.630657335769365e-08	9.21251531088878e-06	7.856716837043178e-10	3.3021797082160276e-10	0.1108892954329716	
1.280508749677332e-07	942.1404629942184	2.9973856582386487e-15	3.2378918388010946e-11	8.148096151241514e-19	1.2582012443008755e-11	3.557788951321261e-14	4.5630029631252566e-08	0.0003064939011386	2.686305938211384e-06	8.519457427427958e-10	0.2971790215928557	4.233096885004056e-15	0.000344690899425	5.975762226161703e-19	1.415301393487957e-13	3.143377216115238e-06	4.359298187673272e-05	5.285220618807279e-15	1.1367666060814724e-11	1.3416067887752044e-11	5.975427278044678e-07	1.2505178632837623e-20	1.7107701168391612e-10	1.6982384887252306e-05	6.659888462349558e-08	7.328903792009929e-06	8.061524535138994e-10	3.43754760284238e-10	0.1141910683301005	
1.517777301732271e-07	925.7787427962104	1.3564931914848929e-15	2.9471791047860466e-11	1.1224942860657173e-18	8.250647357290839e-12	4.265235698264519e-14	3.3054373693704065e-08	0.0003186355876017	2.842685330176281e-06	7.743837902887634e-10	0.3328017657557262	3.3789842989489804e-15	0.0003624965534528	5.281996791542359e-19	1.5629443856671437e-13	3.0067363558034504e-06	4.5677555281328734e-05	3.2376208038828106e-15	7.706491612890963e-12	1.1386594847849834e-11	4.328589237731714e-07	6.2705935281046655e-21	1.9801808718922984e-10	1.180018935409208e-05	4.58125769375314e-08	5.826661781751046e-06	8.344309053674171e-10	3.5446827081727235e-10	0.1174209796728036	
1.7990099155778248e-07	911.9554448275304	6.997577301284954e-16	3.084219457817392e-11	1.7222230215053298e-18	5.723643263881582e-12	5.2456663958378833e-14	2.4577155799505196e-08	0.0003299043168903	2.9281964761049555e-06	7.220915676079357e-10	0.3678871153321627	2.8109895094493988e-15	0.0003782512364048	4.670605906334601e-19	1.760524790791546e-13	2.9447141539563603e-06	4.7528167626486174e-05	2.090683225639576e-15	5.487174804462551e-12	9.735306978029752e-12	3.197798860756312e-07	3.392082722899517e-21	2.4821211556019434e-10	8.27284327328852e-06	3.1256633637406274e-08	4.624351680491456e-06	8.732714795380806e-10	3.6277991610910646e-10	0.1205857529858188	
2.1323527981697548e-07	902.3880922574516	4.01680451659156e-16	3.527452633073965e-11	2.7729573875764404e-18	4.232758150417683e-12	6.691049906880801e-14	1.848622657445878e-08	0.0003405567195038	2.9478698172856986e-06	6.79727490448083e-10	0.4024784653646382	2.438002586494627e-15	0.0003925649159169	3.973692048749316e-19	2.1136428580103766e-13	2.9342533333420595e-06	4.921336526858429e-05	1.4222280921781619e-15	4.190193986523734e-12	8.195587426674042e-12	2.402249606745888e-07	2.0011321322640825e-21	3.435314967042229e-10	5.794756789592698e-06	2.0544817773206744e-08	3.6529650059679177e-06	9.497551211266134e-10	3.6499609675493016e-10	0.123693189648317	
2.527461586781722e-07	892.9603176858883	2.4085153870019263e-16	4.1953909512312395e-11	4.4876318117717e-18	3.104453462817064e-12	8.381506352110363e-14	1.4075452133478574e-08	0.0003507009524218	2.921892216666824e-06	6.43002051606616e-10	0.4364967595599003	2.099405402246079e-15	0.0004056964267236	3.3771737199387597e-19	2.515917521655887e-13	2.958810448176349e-06	5.077336886943021e-05	1.0093828757895529e-15	3.2673528177033084e-12	6.970232890484524e-12	1.833120203705857e-07	1.2299523347305901e-21	5.147454379554855e-10	4.081867388736634e-06	1.3601240671418092e-08	2.8770938961992614e-06	1.0256111234346284e-09	3.683436638905642e-10	0.1267397817227709	
2.995781034986421e-07	886.9852074846559	1.5220806100891162e-16	5.0553134556738366e-11	7.126811098065722e-18	2.355240622205473e-12	1.0674648951701e-13	1.0689908305985925e-08	0.0003604070551463	2.851041812574344e-06	6.057289120319505e-10	0.4698495266456677	1.84007154125435e-15	0.0004179512416299	2.783704560010569e-19	3.180852031582197e-13	3.0071678678535388e-06	5.223343068956783e-05	7.490422515059037e-16	2.7118542451021247e-12	5.7938587536816054e-12	1.414210460719798e-07	8.055450124553513e-22	8.126243835954717e-10	2.855950649991379e-06	8.674534165472277e-09	2.250922253019368e-06	1.1493676953972563e-09	3.666986293699374e-10	0.1297193220948739	
3.55087652232611e-07	881.0485459305428	9.757438589112584e-17	6.061492810617543e-11	1.128893925938597e-17	1.7530956849065717e-12	1.3317221315151418e-13	8.114343585637591e-09	0.0003696973947772	2.750208565366984e-06	5.692810084935974e-10	0.5024145428012669	1.5880845886690648e-15	0.0004294331808588	2.2827088138354582e-19	4.0115660972689996e-13	3.070990433199484e-06	5.360913456279083e-05	5.736349198964973e-16	2.288341895672108e-12	4.81845141859555e-12	1.100008439753035e-07	5.4767301763169625e-22	1.2996730356709807e-09	1.997414397721149e-06	5.551741198740398e-09	1.751208607114554e-06	1.2838032813478306e-09	3.6609431692332817e-10	0.1326230278210786	
4.2088269902088883e-07	876.665907906703	6.365405225069943e-17	7.181954375099479e-11	1.7828033885762713e-17	1.3139769677972437e-12	1.6637437563940145e-13	6.1028757958982564e-09	0.0003785726190848	2.623016792393409e-06	5.332025685752831e-10	0.5340127332321348	1.3741176190251089e-15	0.000440243842099	1.83544596615614e-19	5.208453588149399e-13	3.1442709522483083e-06	5.4907751663454726e-05	4.526479636064964e-16	2.0003147677884854e-12	3.9431148532858034e-12	8.591129081690319e-08	3.9355984469993023e-22	2.0532956432737343e-09	1.3864093538387025e-06	3.506877554023697e-09	1.3518501871522692e-06	1.4592301885323735e-09	3.638761035008856e-10	0.1354362690716944	
4.988690685844117e-07	872.8828910408336	4.158851680095876e-17	8.377931465912667e-11	2.830086624575561e-17	9.833548147965349e-13	2.0771638689481114e-13	4.536834111206721e-09	0.0003870247121799	2.4764879012404214e-06	4.987266277570948e-10	0.5644791037848944	1.189059331086727e-15	0.0004504224235959	1.4532642247636536e-19	6.847257671969275e-13	3.22246005245216e-06	5.6133437774761455e-05	3.6471182402899597e-16	1.7826850157356726e-12	3.188755858363236e-12	6.713211080795325e-08	3.021589264246788e-22	3.153633422459664e-09	9.548290732289975e-07	2.229026908311361e-09	1.0346669412054847e-06	1.6695813916817084e-09	3.6148391033098125e-10	0.1381455506533997	
5.913057204993992e-07	869.6934563475253	2.6949842894797602e-17	9.613049649723972e-11	4.527318151950037e-17	7.396233111685082e-13	2.613196739000026e-13	3.318676773868875e-09	0.0003950327433849	2.315871294591993e-06	4.661005964994828e-10	0.5936221779725365	1.0361521532230317e-15	0.0004599805299042	1.1307055124133553e-19	9.125213579962437e-13	3.3020575584016746e-06	5.728660192299621e-05	2.9823558390466796e-16	1.6148021855192924e-12	2.54059200569149e-12	5.231587292794453e-08	2.5289211654124804e-22	4.6749909806491155e-09	6.505363274813428e-07	1.4487643223191494e-09	7.842357024986674e-07	1.9244517187953563e-09	3.5876086260158256e-10	0.1407347416673367	
7.008701824056906e-07	867.3386757215306	1.7179980032031278e-17	1.0854871379977632e-10	7.270439853700398e-17	5.633283468789706e-13	3.339082385537891e-13	2.376723876620618e-09	0.0004025749585185	2.146018982432003e-06	4.3477363289458515e-10	0.62126932552549	9.151739956255711e-16	0.000468915743419	8.69900166722827e-20	1.2398462034106269e-12	3.380415322403829e-06	5.836649910182479e-05	2.463842394930585e-16	1.4879540234469385e-12	1.9851503228280564e-12	4.054392552152226e-08	2.3350369403479023e-22	6.676849937314916e-09	4.367111275944455e-07	9.824466919674906e-10	5.882584686724843e-07	2.243733934088627e-09	3.5529086702010926e-10	0.1431892051746834	
8.307361074919334e-07	865.0705292466702	1.0633104032971077e-17	1.2073255923405827e-10	1.1729846302940232e-16	4.288822189708919e-13	4.300239442804863e-13	1.6617605805314323e-09	0.0004096223285822	1.973145901201784e-06	4.035889637870163e-10	0.6472464868191012	8.124641159017519e-16	0.0004772093089459	6.491327683706355e-20	1.6945310817200737e-12	3.4554948278048344e-06	5.937094758073636e-05	2.0395024986354355e-16	1.3741689226840512e-12	1.5278999074143199e-12	3.1186067888016766e-08	2.333589036919709e-22	9.192447195022925e-09	2.885628921830382e-07	7.161669519757203e-10	4.364209647883482e-07	2.6215677987595647e-09	3.5160098674663193e-10	0.1454940762006485	
9.846652027941212e-07	863.5872762021999	6.372093114220325e-18	1.3244936445139056e-10	1.8836689892422199e-16	3.2792714393352814e-13	5.59342912682567e-13	1.1271903342416307e-09	0.0004161498589175	1.8017564976808744e-06	3.7112766639837615e-10	0.6714076000320607	7.255916461251287e-16	0.0004848452438269	4.8826910044440874e-20	2.362225468888118e-12	3.525832607145215e-06	6.029777252121812e-05	1.689930062824725e-16	1.2824345635597854e-12	1.1514774695133522e-12	2.3777343040689552e-08	2.4698458918291624e-22	1.2225939629427113e-08	1.8664459499725162e-07	5.580758336800767e-10	3.206170068595245e-07	3.0997516981197853e-09	3.468162875077997e-10	0.1476368163957193	
1.1671161911100658e-06	862.0328471038289	3.657538986504292e-18	1.4349494860151672e-10	3.018507759591921e-16	2.4611653747780616e-13	7.224330877014502e-13	7.396458243888877e-10	0.0004221347764054	1.6375021735340845e-06	3.3598269183410313e-10	0.693634641920986	6.403882594494818e-16	0.000491808126077	3.5539418628057964e-20	3.306614627698231e-12	3.5904309606778297e-06	6.11450834577781e-05	1.3914683311319968e-16	1.1894688388551261e-12	8.56503262474106e-13	1.7960854631811306e-08	2.6545973387221477e-22	1.5743027060837363e-08	1.1807513805686177e-07	4.5964246326253747e-10	2.3339915800172178e-07	3.668452782258719e-09	3.40905944035867e-10	0.1496073269573657	
1.3833739627296195e-06	861.2731593815118	2.0129741927578733e-18	1.5372859098886012e-10	4.779043726308297e-16	1.8190936266443662e-13	9.257591800706584e-13	4.665364801365256e-10	0.0004275652154603	1.4840238075038444e-06	2.9782160241513976e-10	0.7138566776689206	5.576785502698506e-16	0.0004980942688652	2.6125143228846606e-20	4.726253131386889e-12	3.648739185656197e-06	6.191213504445897e-05	1.140669311109519e-16	1.1091784099870582e-12	6.281947740909706e-13	1.3446570903616996e-08	2.8701206299592347e-22	1.9675325955482503e-08	7.268070663495615e-08	3.830413344601161e-10	1.6924878280460278e-07	4.397760335403575e-09	3.3313907120918316e-10	0.1513995683231961	
1.6397026580002053e-06	860.5890520037225	1.0551384871723509e-18	1.6304984030559408e-10	7.502813189454604e-16	1.2959791669571225e-13	1.1577702443218433e-12	2.8224931659902613e-10	0.0004324397764717	1.3450941866094884e-06	2.5673862468149536e-10	0.7320531506224325	4.710833739834146e-16	0.0005037119146988	1.925021400675628e-20	6.80907298503489e-12	3.7005866475628366e-06	6.259961045905588e-05	9.260121282866039e-17	1.0250898183435374e-12	4.612685758126769e-13	9.98494129162988e-09	3.0506669357383174e-22	2.3920991767656755e-08	4.3536764042922e-08	3.16191518315485e-10	1.2267809888518206e-07	5.2913060763548395e-09	3.2297276341662755e-10	0.1530119359774084	
1.943527114929826e-06	860.537643466171	5.287765602518783e-19	1.7141341523076754e-10	1.1611063590245965e-15	8.890545190491695e-14	1.4075946721964e-12	1.6340744833264332e-10	0.0004367698709802	1.2224375874965928e-06	2.1450658993200467e-10	0.7482530301445617	3.8453487633166083e-16	0.0005086826126989	1.4136211342240925e-20	9.9981465263357e-12	3.7461094684704273e-06	6.320966980017005e-05	7.454007051798764e-17	9.450576962333514e-13	3.446744639322224e-13	7.363775428490242e-09	3.2023383572740455e-22	2.83579978087089e-08	2.5364378523872222e-08	2.5241641848397627e-10	8.964661115054872e-08	6.4404560348552485e-09	3.103046275003533e-10	0.1544471400442641	
2.3036479376536947e-06	860.7335843790487	2.540523875415195e-19	1.7881944442203406e-10	1.7775319217122304e-15	5.7626433909353e-14	1.6380820276867285e-12	9.091563344784653e-11	0.0004405798241279	1.1166254434785542e-06	1.732814095863315e-10	0.762536731752107	2.9853020161876413e-16	0.0005130420945616	1.09895531109945e-20	1.486983236271067e-11	3.785687970512592e-06	6.374611986436787e-05	5.92576760902405e-17	8.607113367287509e-13	2.70286785103804e-13	5.399596993946378e-09	3.298704248194744e-22	3.2857319485381696e-08	1.4444002940353623e-08	1.946561350074252e-10	6.636413705099271e-08	7.894034051911846e-09	2.953565213376934e-10	0.155712420310046	
2.7304964154553143e-06	861.4579333110756	1.1986562698342489e-19	1.8501366478344244e-10	2.6616426859653112e-15	3.5664847421337294e-14	1.7924391220348625e-12	4.9364391884770096e-11	0.0004437539290022	1.0305388228518995e-06	1.3661445071818194e-10	0.7744579885277368	2.2060250335213563e-16	0.0005166645915448	8.964774707952437e-21	2.213271649682908e-11	3.818304212538976e-06	6.419280856946525e-05	4.711036178759891e-17	7.794245161936091e-13	2.28479445577828e-13	4.008538276283266e-09	3.3658507652281407e-22	3.7095699538996946e-08	8.199938321989277e-09	1.452299679407233e-10	5.0434795291877355e-08	9.69072118198533e-09	2.8201817522486394e-10	0.156768326863999	
3.2364366763473493e-06	862.5374978606425	5.701155531918401e-20	1.9008545142047248e-10	3.8972761813435295e-15	2.1061212788598527e-14	1.826737074195059e-12	2.7045250155989763e-11	0.0004463466307714	9.619490691179077e-07	1.0737033893658515e-10	0.7842104624428138	1.549782960277976e-16	0.0005196170710259	7.741282860473863e-21	3.265197117595176e-11	3.84470232820594e-06	6.455747940850729e-05	3.774245603957485e-17	7.00863969684823e-13	2.1311643690624562e-13	3.045793285160177e-09	3.428702541949614e-22	4.094866458230368e-08	4.760149689558695e-09	1.0745087382818168e-10	3.954421564212068e-08	1.1847955206067812e-08	2.7276301135446877e-10	0.1576320738224136	
3.836123827417527e-06	864.0951268244611	2.8307861766809994e-20	1.9419917667235096e-10	5.574289127562023e-15	1.1918052226525375e-14	1.7313917429536569e-12	1.5770665472346874e-11	0.0004484455375721	9.074498154155122e-07	8.744426454963531e-11	0.7921145165783866	1.0415511817993597e-16	0.0005220024029744	6.993645861232557e-21	4.7697752042076405e-11	3.865914481946423e-06	6.485246656373381e-05	3.0775979271915374e-17	6.28557413591906e-13	2.192507643019984e-13	2.3909858429781355e-09	3.536144354669415e-22	4.4378656607930164e-08	2.9101346225715524e-09	8.117628254444071e-11	3.20531533705613e-08	1.4425959027698938e-08	2.696732031873396e-10	0.1583320716879652	
4.5469284558624015e-06	866.0916139864642	1.516067304297415e-20	1.9750825759382357e-10	7.788637220223128e-15	6.5057395621665536e-15	1.5290245538229474e-12	1.0322691153838818e-11	0.0004501300141739	8.639097727417537e-07	7.699546438137472e-11	0.798461852830118	6.800046018024536e-17	0.0005239128499702	6.663311151100215e-21	6.869003068101664e-11	3.882837418129903e-06	6.508891760636113e-05	2.5831662065206146e-17	5.643768446041624e-13	2.4224153473626e-13	1.9574122421946915e-09	3.7310538402415003e-22	4.7381567326878536e-08	1.9170821934956274e-09	6.413153074146721e-11	2.681047138410009e-08	1.7451161153883205e-08	2.7430120447857927e-10	0.1588941780752111	
5.389439786840595e-06	868.5956724314767	8.889703584350896e-21	2.0020364398811282e-10	1.0657826510944382e-14	3.4274776681426805e-15	1.2632604139052012e-12	7.696350935500804e-12	0.0004514973868549	8.279603978827167e-07	7.473798018185319e-11	0.8036140928597295	4.425476844883514e-17	0.0005254601200151	6.6253134774193906e-21	9.789238047155735e-11	3.89650712136479e-06	6.528049490824935e-05	2.250903814866778e-17	5.096872505774818e-13	2.793397175561815e-13	1.6775956113789382e-09	4.068814169432375e-22	5.0030379162545514e-08	1.3617473029866367e-09	5.322414517115341e-11	2.3032680277777105e-08	2.102122262763311e-08	2.877752394004059e-10	0.1593504316312803	
6.388062072657205e-06	871.6387961610426	5.69944151870933e-21	2.0239270319504007e-10	1.4278002975329164e-14	1.7606287858418824e-15	9.834791166148845e-13	6.365366239773459e-12	0.0004526021389716	7.976187957759878e-07	7.879428847219837e-11	0.8077732832263139	3.0397602372731485e-17	0.0005267066303037	6.817979472104713e-21	1.3780642579227518e-10	3.907503492268937e-06	6.543485496744783e-05	2.05671458297648e-17	4.66476074007708e-13	3.289563743303917e-13	1.5115954203112783e-09	4.612032306285121e-22	5.2355696908399735e-08	1.0315432096175834e-09	4.599479519575168e-11	2.027922398642949e-08	2.519235020198008e-08	3.1188359842193044e-10	0.1597187336988038	
7.571721488337399e-06	875.29852050281	3.945120329916843e-21	2.0419323102258387e-10	1.8758182742819644e-14	8.87281820887771e-16	7.277330656087294e-13	5.625603792846123e-12	0.0004535037870772	7.710438293275498e-07	8.733106524700471e-11	0.8111619669223671	2.3834167932211438e-17	0.0005277201915412	7.229265421101385e-21	1.9223420018742598e-10	3.91644148089232e-06	6.556036892846294e-05	1.9816212164051848e-17	4.358052219681477e-13	3.9251483171663884e-13	1.429748119063581e-09	5.448743394381769e-22	5.4426013543939116e-08	8.187867426630335e-10	4.0839499823216776e-11	1.8250151368532104e-08	3.0092590031169104e-08	3.4861454498367283e-10	0.1600187967779025	
8.974704009584349e-06	879.4305865678413	2.9077053696528254e-21	2.0568369269090787e-10	2.4215260647935216e-14	4.44074694738113e-16	5.192150505890958e-13	5.172568738050605e-12	0.000454241676233	7.471584786303566e-07	9.870914694740935e-11	0.8139278393670921	2.2619172012362272e-17	0.0005285457150171	7.86049341738712e-21	2.649294581419224e-10	3.923726964362369e-06	6.566259436182658e-05	2.0158483996001746e-17	4.1739517301897434e-13	4.725517627655063e-13	1.4132757858341875e-09	6.671386545132438e-22	5.6289004114694895e-08	6.722240687606435e-10	3.693284754836132e-11	1.6736372512009842e-08	3.5755478716549935e-08	3.997787172365048e-10	0.1602637036900702	
1.0637648543163119e-05	884.2118804874516	2.252945075374683e-21	2.0697331058238346e-10	3.0828840160676755e-14	2.210742460018711e-16	3.622624374573226e-13	4.878671359860804e-12	0.0004548693419367	7.24417212677249e-07	1.1216475190894036e-10	0.8162719718860962	2.5580725834283072e-17	0.0005292439329386	8.713329811099192e-21	3.648178473498257e-10	3.929899874816125e-06	6.574902517103543e-05	2.1645360309090917e-17	4.1152769688576773e-13	5.782055070128402e-13	1.450412461310701e-09	8.484188011018334e-22	5.805145913242299e-08	5.637292950696886e-10	3.3771937626631646e-11	1.5581593373766287e-08	4.252579998941997e-08	4.683473369830044e-10	0.1604712610262859	
1.2608724076806795e-05	889.4508926581484	1.8180181292009248e-21	2.08102087330178e-10	3.8782276226773485e-14	1.129945966172668e-16	2.5721485036695663e-13	4.681373469862273e-12	0.000455404919907	7.024134468412974e-07	1.2676744205506655e-10	0.8182628526488033	3.2307581893784984e-17	0.0005298355955599	9.815423766294712e-21	5.000036159559185e-10	3.935147983875157e-06	6.58222304065311e-05	2.4415901050621362e-17	4.174225570403877e-13	7.182132754937065e-13	1.5357247809845759e-09	1.1105008744592512e-21	5.974707218241369e-08	4.806680676495357e-10	3.117199045722498e-11	1.4684993305117442e-08	5.0492794637049286e-08	5.574010739795655e-10	0.1606475351946057	
1.494502494606521e-05	895.4630438792649	1.525962495954181e-21	2.0911754828681728e-10	4.8159887058547604e-14	6.392483937886222e-17	2.015863937321368e-13	4.569736527067194e-12	0.0004558684333947	6.8061668000798e-07	1.4215839737904642e-10	0.8199759007595293	4.315640711088702e-17	0.0005303432502461	1.123684085791948e-20	6.875155243207082e-10	3.939676034387176e-06	6.588501675592324e-05	2.880131074407932e-17	4.372637654482865e-13	9.1053998594223e-13	1.6674431774539936e-09	1.4968052136211913e-21	6.142578877627366e-08	4.1591674491417016e-10	2.897961648342636e-11	1.4023839120072056e-08	6.014226449632859e-08	6.722216377048702e-10	0.1607992049122557	
1.7714224633510815e-05	901.6852153986624	1.3184652161541279e-21	2.1005199415685047e-10	5.935858835757953e-14	4.510899940811213e-17	1.9545610400602498e-13	4.497837823720014e-12	0.000456270485064	6.590094326719084e-07	1.5771613081825978e-10	0.8214520600310102	5.873738078879109e-17	0.0005307793365418	1.2979357378173348e-20	9.379893042457539e-10	3.943598280181803e-06	6.593891070859852e-05	3.508855452560573e-17	4.673326865328265e-13	1.1681004368749044e-12	1.8443930097070875e-09	2.0454588894416088e-21	6.311638566529233e-08	3.6358263507186256e-10	2.714669819364708e-11	1.3492135263755122e-08	7.134024871696822e-08	8.168504421161412e-10	0.1609298968897443	
2.0996536004384415e-05	908.7149643894224	1.1836943769571222e-21	2.1094063080298363e-10	7.225687614271315e-14	4.327819609118586e-17	2.479059360508736e-13	4.493556960732403e-12	0.0004566198523167	6.375466230700178e-07	1.7350586485772229e-10	0.8227251396632017	8.07029308417304e-17	0.0005311535857457	1.521496563429981e-20	1.2835310094351322e-09	3.947010076251627e-06	6.598516799793823e-05	4.382784876209362e-17	5.122310764125599e-13	1.5230796839524286e-12	2.065762030322887e-09	2.8429976466276175e-21	6.48430833028403e-08	3.219292454509201e-10	2.556507143682722e-11	1.3144075846366424e-08	8.486501843685123e-08	9.982560303835667e-10	0.1610426047608396	
2.4887034759027847e-05	915.4420885249872	1.0826124950389833e-21	2.1182739150720338e-10	8.782906371636475e-14	5.3383598241574386e-17	3.897058194667445e-13	4.490364706984058e-12	0.0004569249257846	6.164900669181131e-07	1.8891018805869767e-10	0.8238286721778669	1.102817163662426e-16	0.000531476448352	1.78586217039553e-20	1.7259810047129231e-09	3.950008601932929e-06	6.602502566798245e-05	5.526224042464649e-17	5.630473573522093e-13	1.9825116208978877e-12	2.3304976673601874e-09	3.931279595555812e-21	6.663751922717595e-08	2.865931983829642e-10	2.4222599265606217e-11	1.282894070494555e-08	9.991163836337112e-08	1.2181793845487563e-09	0.1611402986166685	
2.9498413403416982e-05	922.8969731694964	1.0256009447974334e-21	2.127752555422216e-10	1.0568646453275925e-13	7.88878577302665e-17	7.115161345916829e-13	4.540842374719003e-12	0.0004571943519447	5.956157520189695e-07	2.0467660710928e-10	0.8247953515384938	1.510786259655024e-16	0.0005317573988377	2.121127840228767e-20	2.3278702225887117e-09	3.952690073922609e-06	6.605967814257227e-05	7.035254967441686e-17	6.29257852470735e-13	2.6103051651028967e-12	2.6384482994943515e-09	5.478802521105232e-21	6.85371213428235e-08	2.5754403375675447e-10	2.3001161281177385e-11	1.2648829095084735e-08	1.179234016604818e-07	1.484551544494545e-09	0.1612258727464298	
3.49642455095313e-05	930.065165337226	9.857968036823148e-22	2.1386235893667012e-10	1.271938072802826e-13	1.3280711610384506e-16	1.4577885355114285e-12	4.587138929624503e-12	0.0004574337715495	5.752514962790849e-07	2.2040319768905576e-10	0.8256483852446304	2.0583037325234494e-16	0.0005320039204641	2.5186103526291156e-20	3.0929770041158022e-09	3.955129820581595e-06	6.608996748074425e-05	8.941093343815241e-17	7.020826685221353e-13	3.423147034386955e-12	2.985839857076495e-09	7.552297375311061e-21	7.057816939445778e-08	2.32103624610468e-10	2.1890854681319548e-11	1.2478034265741065e-08	1.3793594386406816e-07	1.7959128687314935e-09	0.1613013823868211	
4.144285481839415e-05	938.1234026159598	9.813288472749789e-22	2.1520723007539223e-10	1.515791412187453e-13	2.504346941839914e-16	3.2915412382918e-12	4.690610390977297e-12	0.0004576486722046	5.552308323581991e-07	2.373022018710265e-10	0.8264085086290327	2.8206593158903083e-16	0.0005322221855747	3.0255520602888724e-20	4.1401892918152275e-09	3.957398767580955e-06	6.611663688828749e-05	1.1393705806785666e-16	7.967235925031128e-13	4.549820901609597e-12	3.366856646495129e-09	1.0450364233695308e-20	7.28006743713718e-08	2.1083355935908043e-10	2.0780200114444687e-11	1.2432740768989472e-08	1.621508987946477e-07	2.1556150238929384e-09	0.1613686630241698	
4.91219012585385e-05	945.3731277387476	9.75412389496435e-22	2.1697674945882958e-10	1.8203989471589925e-13	5.107952149909328e-16	8.012390135000267e-12	4.755649203956228e-12	0.000457843076633	5.362911246001936e-07	2.5494648976042157e-10	0.8270943358188874	3.8480327870833484e-16	0.0005324184801071	3.607364800969095e-20	5.423310125001188e-09	3.9595689554754924e-06	6.614034432609379e-05	1.4340801321212708e-16	8.931250517427831e-13	5.96683112692283e-12	3.7707263364752396e-09	1.4125962080913173e-20	7.526248957785039e-08	1.9107046547446948e-10	1.9695907673690484e-11	1.232040422822496e-08	1.8807251452021378e-07	2.5497825248930727e-09	0.1614293628038957	
5.822381671888648e-05	953.4672928418838	9.98020708118186e-22	2.1944092442089122e-10	2.1728493106737878e-13	1.1057780249336725e-15	2.0556880917482776e-11	4.867933660001066e-12	0.0004580215548499	5.180510994335143e-07	2.7695839056970825e-10	0.8277222959938124	5.320858766712584e-16	0.0005325980424558	4.339162942181313e-20	7.171841530137587e-09	3.961706967146967e-06	6.616165786908824e-05	1.8011680886619792e-16	1.0167248397802e-12	7.936463493166101e-12	4.184249604730018e-09	1.9070316744281828e-20	7.802812568202147e-08	1.739990020428975e-10	1.852702407849756e-11	1.2300993791152129e-08	2.1940399944359769e-07	2.974030252898873e-09	0.1614849359610689	
6.90122480290852e-05	960.2470489847112	1.0033831511686145e-21	2.2299993931593223e-10	2.637982045575442e-13	2.455676927422626e-15	5.446248224003991e-11	4.903754897197033e-12	0.000458187177827	5.015403020177384e-07	3.0660613300632555e-10	0.8283085832218208	7.401592513718709e-16	0.0005327662094313	5.1434530379305017e-20	9.243337744218588e-09	3.963884349372412e-06	6.618112369141038e-05	2.2146804905405826e-16	1.1314883500777737e-12	1.0328745199414393e-11	4.5890325085329845e-09	2.4909521314879383e-20	8.1200533314515e-08	1.5714759689033715e-10	1.7343071782599998e-11	1.2139720984566372e-08	2.517985136268592e-07	3.404077571280056e-09	0.161536815785802	
8.179969377519466e-05	967.7912647641268	1.032525002614705e-21	2.2834525226272718e-10	3.205522808887232e-13	5.550451954264169e-15	1.4727800353012868e-10	4.968663652582105e-12	0.0004583445249136	4.8582677910151e-07	3.5843944763870927e-10	0.8288677193512416	1.0641516086607809e-15	0.00053292845053	6.127423376335579e-20	1.2072090209023829e-08	3.9661568588449605e-06	6.619920840481434e-05	2.7089568701209166e-16	1.2752388828050881e-12	1.366282166859516e-11	4.96717205350557e-09	3.240017800664043e-20	8.49114087245133e-08	1.4193742245303196e-10	1.6047140382636926e-11	1.2027765880265684e-08	2.9111531819066694e-07	3.82939756022463e-09	0.1615862879220371	
9.695655615935916e-05	973.8640458735434	1.0399152372645957e-21	2.3650279457374763e-10	4.000399665526777e-13	1.2432002782903858e-14	4.008005414066459e-10	4.934866759165174e-12	0.0004584950686662	4.720776720136396e-07	4.5765105340525824e-10	0.8294105478086639	1.5821553185970236e-15	0.0005330881467249	7.168116063245909e-20	1.5424623096084698e-08	3.968539400163537e-06	6.621624245711177e-05	3.2239575081339157e-16	1.3961981844151937e-12	1.7648440372595474e-11	5.2946720453140244e-09	4.065466801717416e-20	8.934850479049936e-08	1.2643599646958888e-10	1.473588554783398e-11	1.1734694571571994e-08	3.316684582026474e-07	4.227576192359056e-09	0.1616343116783784	
0.00011492187010036995	980.6773475805408	1.0782594548959233e-21	2.4921401038648157e-10	5.053036372903891e-13	2.743391042092937e-14	1.0867206005703335e-09	4.915271334300721e-12	0.0004586415373998	4.589764126777248e-07	6.667330891516707e-10	0.8299435397735956	2.495243793407466e-15	0.0005332495758151	8.396851527663011e-20	2.0059642172131247e-08	3.970932171735729e-06	6.623239551541786e-05	3.7974188638669164e-16	1.5406014994317376e-12	2.3185965095048423e-11	5.552096524435409e-09	5.0677656751824237e-20	9.478064998523793e-08	1.1211137897504271e-10	1.33332931681494e-11	1.1460321980519013e-08	3.813876778776295e-07	4.5833513610961555e-09	0.1616814610998474	
0.00013621602035512702	985.9746830657	1.1159484214536097e-21	2.6922145591253603e-10	6.654676767121907e-13	5.83149361858206e-14	2.9078001901640974e-09	4.7843576700718335e-12	0.0004587841726614	4.478215165246984e-07	1.1061782340080776e-09	0.8304749890984835	4.146972407527196e-15	0.0005334154438006	9.630294941110609e-20	2.5668393764559657e-08	3.973021723777809e-06	6.624788991168722e-05	4.319398432654594e-16	1.6370838163821657e-12	2.966332326437565e-11	5.723036721877871e-09	6.090835294787902e-20	1.0174017216320935e-07	9.746846639107306e-11	1.1942574961113813e-11	1.0987677890280474e-08	4.333108230790387e-07	4.887084149232903e-09	0.1617284699845426	
0.00016145581502618347	992.0256921553053	1.247370154274063e-21	3.0124332414677856e-10	9.046896466319432e-13	1.1864270131643922e-13	7.611984017385987e-09	4.652934510061441e-12	0.000458924290393	4.368878608937884e-07	2.01289144931224e-09	0.8310084001019525	7.238264325791319e-15	0.000533591599215	1.1029398378276504e-19	3.3634901978485474e-08	3.9739646848821405e-06	6.626278059051476e-05	4.850606848733852e-16	1.7423843184338013e-12	3.8688874609518775e-11	5.804323505669279e-09	7.281227894773855e-20	1.112257382793047e-07	8.379565844873774e-11	1.049838591086438e-11	1.0508251725466394e-08	4.980727732855529e-07	5.115608903091025e-09	0.1617756515500791	
0.00019137235207582543	997.0583333417516	1.5314051618656757e-21	3.5254834809551903e-10	1.306206832773794e-12	2.258570283413556e-13	1.9339262788294124e-08	4.4231525173448506e-12	0.0004590597479717	4.272803074491328e-07	3.774037962285437e-09	0.8315516682735219	1.2871823031557307e-14	0.0005337836778258	1.2369044358134033e-19	4.4077416000080764e-08	3.971914417650607e-06	6.62772531005372e-05	5.320038213542125e-16	1.8009581352798644e-12	5.0152679629741336e-11	5.801894233065992e-09	8.484791794145164e-20	1.253139967413974e-07	7.016760708858362e-11	9.077052166939789e-12	9.859270382361976e-09	5.702743416406565e-07	5.26591511479164e-09	0.1618237062670646	
0.00022683219636960338	1002.9226352574152	2.1514353581728567e-21	4.3335356588367205e-10	1.9875781481449437e-12	3.963857482219518e-13	4.726952725544872e-08	4.1691059804392855e-12	0.0004591866743962	4.176191839459948e-07	6.8749036995970475e-09	0.8321100945301381	2.2607200211658247e-14	0.0005340043153809	1.3762506806611967e-19	5.981160483399012e-08	3.963132014355937e-06	6.629137208214237e-05	5.978324506298531e-16	1.911954889934185e-12	6.900901681958393e-11	5.737447230938742e-09	9.919338417931657e-20	1.4797689742963925e-07	5.7350820006704954e-11	7.641771836493494e-12	9.16775833774283e-09	6.630570522288337e-07	5.302059556045883e-09	0.161873110549201	
0.00026886248066529384	1007.142439933418	3.0505536007573904e-21	5.501863403991655e-10	3.2308167238202388e-12	6.170459173792273e-13	1.098361519740664e-07	3.768501236200676e-12	0.0004592925237954	4.099631224410711e-07	1.1518361206766017e-08	0.8326930047973522	3.767777377039692e-14	0.0005342687313765	1.4759841068822498e-19	8.159260968341279e-08	3.94084827931047e-06	6.63052353896813e-05	7.008669604231354e-16	2.0561612072784093e-12	1.0060573214980031e-10	5.638344350385037e-09	1.1363824349716252e-19	1.8646332215244488e-07	4.4591295150225165e-11	6.275147712685974e-12	8.239382911287996e-09	7.667759789851989e-07	5.235969763656904e-09	0.1619246976294909	
0.0003186806576245907	1012.0515827028444	3.729295606973815e-21	6.91054085544006e-10	5.3366570038201086e-12	8.243426658202274e-13	2.391729830902543e-07	3.307158071272159e-12	0.000459358624476	4.024504012478141e-07	1.6805857352304057e-08	0.8333023524664995	5.734022469886145e-14	0.0005346051064429	1.545380905470927e-19	1.1712387086710173e-07	3.893963801948894e-06	6.631841857768747e-05	9.424077086017905e-16	2.475063930331257e-12	1.7504886375443884e-10	5.540033472256149e-09	1.3274112017079097e-19	2.527987853315731e-07	3.283812704213183e-11	4.947334278422066e-12	7.221675572234255e-09	9.02180170179606e-07	5.004864465911353e-09	0.1619786610157838	
0.0003777297646467455	1014.8701558303936	3.2120616014164683e-21	8.022580347674601e-10	8.69879919291143e-12	8.849013887095724e-13	4.79222479920261e-07	2.692288266058725e-12	0.0004593579138102	3.974195580538614e-07	2.0126686757101343e-08	0.8339379177170353	7.64950265142815e-14	0.0005350374262749	1.5211479663808692e-19	1.7199612088306886e-07	3.8063353462955086e-06	6.63297174047731e-05	1.4730190925849408e-15	3.247720217822393e-12	3.69937216123212e-10	5.46049093834613e-09	1.545820707954486e-19	3.654542984102445e-07	2.1996463501280248e-11	3.74111370220535e-12	5.967729509955994e-09	1.0537938043513884e-06	4.6198646712974135e-09	0.1620350026565585	
0.000447720223008213	1018.100688451212	1.7247179171792752e-21	8.249838615131543e-10	1.3374158030953909e-11	7.233381611434696e-13	8.667336792230216e-07	2.043658198445075e-12	0.0004592735161941	3.926406040433633e-07	1.8528884359185472e-08	0.8345744312457828	8.724005963902466e-14	0.0005355765484754	1.4196875694709866e-19	2.70440381824071e-07	3.6601735280088903e-06	6.633546863539821e-05	2.8471289765099417e-15	4.975898683913912e-12	1.137065099221351e-09	5.3972073636478e-09	1.86646175490371e-19	5.472200859124041e-07	1.321230303540621e-11	2.662907513172406e-12	4.670864331698928e-09	1.242021030604762e-06	4.013256665701168e-09	0.1620915141904043	
0.000530679382065611	1019.9904187258682	5.8012068992276345e-22	7.671431411378419e-10	1.9952049296309052e-11	4.253840572270648e-13	1.3963909015224237e-06	1.396288189479384e-12	0.0004591123738906	3.893590300567222e-07	1.2303251203384817e-08	0.8351685357247122	8.728954357341484e-14	0.000536185089159	1.2217602589127357e-19	4.446160419372482e-07	3.446803091648767e-06	6.632758301799929e-05	6.840329528353689e-15	8.774637384024452e-12	5.895583730949002e-09	5.302795170009669e-09	2.287850979272719e-19	8.163438199939012e-07	6.873197934045043e-12	1.7790612233954037e-12	3.374549298658124e-09	1.4390155958465222e-06	3.241952193136024e-09	0.1621443614545911	
0.0006290102436234454	1022.1647290203412	1.6572293164096966e-22	6.976246864776781e-10	2.975952631300833e-11	1.795870960276094e-13	2.008906317418059e-06	8.699620783728911e-13	0.0004589072981155	3.8608524524265196e-07	5.562091414029013e-09	0.8356657116172935	8.668343298749939e-14	0.0005367940833726	9.806916076889496e-20	7.726561161554174e-07	3.179181772508501e-06	6.62894702741096e-05	2.1785022063000607e-14	1.9504337836915326e-11	4.179512076010133e-08	5.111551637401702e-09	2.8697486072788727e-19	1.1617964228317656e-06	3.097200308110022e-12	1.098426963726767e-12	2.270849878835843e-09	1.6355871333862064e-06	2.397428584471042e-09	0.1621887065351079	
0.0007455610674814365	1024.0637241137506	5.1078592879015703e-23	6.36445136304301e-10	4.394833602724516e-11	5.547327769920717e-14	2.6307277069552257e-06	4.943437053188404e-13	0.0004586911451607	3.830376520498905e-07	1.824921780632564e-09	0.8360397611697907	9.862385678770023e-14	0.0005373421757961	7.309639376466832e-20	1.3905536723634817e-06	2.8856753617437987e-06	6.618687555563375e-05	7.152518797341947e-14	4.332568516044552e-11	2.3809465797184586e-07	4.741084039059498e-09	3.591343016904075e-19	1.4926041720631016e-06	1.201776124837988e-12	6.101656595816616e-13	1.4185132720133899e-09	1.7937678618938528e-06	1.6330953140911791e-09	0.1622222322686315	
0.0008837078743614584	1026.2254276049207	1.5586644020938552e-23	5.796237129985101e-10	6.246665170871693e-11	1.3024504065304556e-14	3.214476570872004e-06	2.606258523001897e-13	0.0004584799171546	3.798510695891509e-07	5.797068279349141e-10	0.8362936864622338	1.286965867569946e-13	0.000537805349374	5.085127581551938e-20	2.580707286017096e-06	2.594917492608267e-06	6.59698675861666e-05	1.596148895466642e-13	6.512359461224954e-11	8.493980140292651e-07	4.139432042669776e-09	4.409427062394059e-19	1.6260923285981748e-06	4.0347248165354283e-13	2.830148687757608e-13	8.292101814198073e-10	1.8915790533204696e-06	1.0448288978796355e-09	0.1622452658552726	
0.0010474522360006322	1028.1372123292542	4.3613742303872726e-24	5.274958782619169e-10	8.389991298741747e-11	2.482547034346093e-15	3.7382290273659487e-06	1.2980224660433591e-13	0.0004582791657258	3.767587480821425e-07	2.1828709309980048e-10	0.8364484809105355	1.733518881341208e-13	0.0005381844046782	3.3046605875822044e-20	4.77169634338506e-06	2.326530100284375e-06	6.564511945122938e-05	2.0833377287392314e-13	5.786467277343119e-11	1.918604718016407e-06	3.3796173684821753e-09	5.178787532908939e-19	1.4880739062865404e-06	1.2033200057991846e-13	9.815369838996087e-14	4.591571887501785e-10	1.8884542105788783e-06	6.470772128495879e-10	0.1622597156157515	
0.0012415371850064104	1030.2896200000537	1.2072008742043351e-24	4.845654297207998e-10	1.0534524013759084e-10	4.380644750275143e-16	4.197978922444852e-06	6.400221445530894e-14	0.0004580922093264	3.735487545823206e-07	9.548517392880028e-11	0.8365325259901822	2.2599572226502278e-13	0.0005384927566763	2.069687143587221e-20	8.310429393764091e-06	2.08773460821957e-06	6.528708870372992e-05	1.76690038287665e-13	3.4483507748512985e-11	3.1584585340238318e-06	2.631700008328972e-09	5.751049899169896e-19	1.2112899883048082e-06	3.4670580527229104e-14	2.471598315817676e-14	2.5116751070818246e-10	1.748443180558676e-06	3.9655836813214103e-10	0.162268074530363	
0.0014715846019280555	1032.218738800235	3.550846566393012e-25	4.46438356315891e-10	1.238936161044854e-10	8.250785373896496e-17	4.598330554107755e-06	3.2556905539074616e-14	0.0004579219798271	3.7034441151332873e-07	4.5976724278869023e-11	0.8365742771118695	2.8311088450155853e-13	0.0005387454196162	1.3288019527989627e-20	1.266444481073182e-05	1.878306831723404e-06	6.494829681072341e-05	1.167992466312761e-13	1.6810168520482183e-11	4.329640542525475e-06	2.003185280456819e-09	5.8912400035704405e-19	9.319952813194058e-07	1.0596624373619364e-14	6.824941781888301e-15	1.4140763055385816e-10	1.4620815610974934e-06	2.462404023583292e-10	0.1622727436623137	
0.0017442580591096614	1034.3613676708226	1.1688658237788855e-25	4.095518560154977e-10	1.3783472115854864e-10	1.807101718889725e-17	4.9477463196969625e-06	1.7606436491168098e-14	0.0004577693686639	3.670483309378113e-07	2.4491449601514843e-11	0.8365945157224495	3.454885440549804e-13	0.0005389558611757	9.357779381868764e-21	1.6511187060917976e-05	1.6947618051915587e-06	6.464351927777239e-05	6.863517819355518e-14	7.78798626534828e-12	5.358841603662655e-06	1.5098061153584895e-09	5.516260955404209e-19	6.988241712011736e-07	3.6375775656458506e-15	2.8794509510460967e-15	8.433744197872493e-11	1.1049311141590688e-06	1.5847750099943274e-10	0.1622753821367017	
0.0020674558382731286	1036.2995852370202	4.192922548576426e-26	3.7114285425365884e-10	1.4745092793626655e-10	4.547654383958653e-18	5.253218192877372e-06	1.0030773239239408e-14	0.0004576340014684	3.637111582466871e-07	1.4233510657968647e-11	0.836605001387172	4.1575378049053524e-13	0.0005391332058502	7.258826150693955e-21	1.9013611413817327e-05	1.5339266375524986e-06	6.437381001308565e-05	3.8334603368343564e-14	3.622280357438839e-12	6.243553455978634e-06	1.1322631953379271e-09	4.736356126828836e-19	5.161977366957262e-07	1.3909041175379218e-15	1.3842107148102726e-15	5.284982056252408e-11	7.770858560938153e-07	1.0768900287344867e-10	0.162276929638386	
0.002450539712794255	1038.32040680084	1.608131397705602e-26	3.312470161392753e-10	1.5290897493646858e-10	1.2787964179901037e-18	5.521695030056861e-06	5.971696519712401e-15	0.0004575142548367	3.6025373571392565e-07	8.734812296306922e-12	0.836610856624709	4.965761732058626e-13	0.0005392845951757	6.2135895035508186e-21	2.0382436192380547e-05	1.3923780626863472e-06	6.413545487152861e-05	2.0856561791399693e-14	1.7185876389170716e-12	7.003386513170742e-06	8.449838357607114e-10	3.763698312201816e-19	3.758199780903248e-07	5.803709784551665e-16	6.65536853064968e-16	3.449904464082941e-11	5.294413140466401e-07	7.749595256577146e-11	0.1622778786062982	
0.002904606121598046	1039.781993953642	6.332285880180765e-27	2.9018806166614917e-10	1.5511121724518654e-10	3.870492836142656e-19	5.757338633921463e-06	3.64740736634466e-15	0.0004574090401934	3.566490534242024e-07	5.5008397845062905e-12	0.8366143168546839	5.908234387772468e-13	0.0005394143982724	5.544766974694338e-21	2.1091819199866327e-05	1.2680422868254334e-06	6.39256862841312e-05	1.1221117200071576e-14	8.293243929994678e-13	7.654482676408133e-06	6.278363524746676e-10	2.774641540679749e-19	2.6941676044708965e-07	2.5558454506793357e-16	3.104332521499921e-16	2.305993491999665e-11	3.592035632588516e-07	5.856001546315041e-11	0.1622784956895973	
0.0034428075895186136	1041.4913377079745	2.584898988348878e-27	2.5004950459375366e-10	1.5348124860920543e-10	1.2517058754311825e-19	5.96514424008683e-06	2.2942174499082986e-15	0.0004573166429621	3.526934337598132e-07	3.516809519254614e-12	0.8366163743193675	7.011316179727996e-13	0.0005395269142646	5.000289606781933e-21	2.1476463701316503e-05	1.158337569815669e-06	6.374042849015538e-05	5.961637313646297e-15	4.080681903752462e-13	8.215533707951215e-06	4.6356231282812726e-10	1.9043577586426852e-19	1.8917009746685817e-07	1.1790438409027271e-16	1.3911078267024596e-16	1.5815210103355398e-11	2.4527272981455254e-07	4.557567771350576e-11	0.1622789184663952	
0.004080733704412147	1043.4526785685232	1.0859668952778223e-27	2.1222645135594567e-10	1.48192922752007e-10	4.2735074056162847e-20	6.147591847363837e-06	1.480558137077058e-15	0.0004572362239177	3.482973618704591e-07	2.288512482799192e-12	0.8366176006208571	8.306188184962321e-13	0.0005396245803764	4.334793018163391e-21	2.1697152712806287e-05	1.0619877880595277e-06	6.357764417776082e-05	3.1357992539797898e-15	2.0429690950684658e-13	8.697369323192928e-06	3.4028249060342677e-10	1.216498365099061e-19	1.296810386850753e-07	5.639977436734685e-17	5.977842372225508e-17	1.1080950388190523e-11	1.6922063898441114e-07	3.589362538611857e-11	0.1622792214504323	
0.004836862686437171	1045.9709483297097	4.6984178526319e-28	1.7760780947266128e-10	1.3931116745180278e-10	1.5292950494136062e-20	6.308545155095851e-06	9.79913387448714e-16	0.0004571661992426	3.433648453510761e-07	1.5269131145866669e-12	0.8366183186525461	9.82692273109884e-13	0.0005397102703882	3.521561632711084e-21	2.1831587668835007e-05	9.769697934156405e-07	6.343396637665752e-05	1.6258863763306959e-15	1.0380819778967149e-13	9.113615164888444e-06	2.4771365660862937e-10	7.174997916619767e-20	8.61310030958714e-08	2.790532947961833e-17	2.4548595445675652e-17	7.924741416323132e-12	1.178499946253428e-07	2.813087567478337e-11	0.1622794473366407	
0.005733096629695032	1049.4123293515445	2.1168031390213324e-28	1.4688504911440955e-10	1.2725889423638646e-10	5.765020154177472e-21	6.450004847386973e-06	6.684866900731919e-16	0.0004571057091459	3.378917056479714e-07	1.0598761207581957e-12	0.8366187178535642	1.1612136747656156e-12	0.000539785613273	2.6355954710435224e-21	2.191642259810613e-05	9.022369829245698e-07	6.330765003341935e-05	8.309131655980739e-16	5.375862647517887e-14	9.472253915174263e-06	1.7879212662784222e-10	3.877425093987975e-20	5.510340869147456e-08	1.4395515641052648e-17	9.683516331164105e-18	5.806279998879353e-12	8.291609601301343e-08	2.170881074473903e-11	0.1622796198568217	
0.0067953959200837645	1053.5261136349068	9.793849165423563e-29	1.1972680544068613e-10	1.1289057948737731e-10	2.267389642200196e-21	6.575094122795752e-06	4.672067199557592e-16	0.0004570533255275	3.318916471072482e-07	7.72465065786927e-13	0.8366189228405901	1.37101264358408e-12	0.0005398526115858	1.7731290766449945e-21	2.1971181196132748e-05	8.361457639770915e-07	6.319592874174319e-05	4.1741604391217645e-16	2.8285914691303208e-14	9.783511086142774e-06	1.2746544394307804e-10	1.8770407142814055e-20	3.3571385410176066e-08	7.705178948849874e-18	3.6568228392877644e-18	4.336336570877641e-12	5.889381298169096e-08	1.6340702886607042e-11	0.162279755713215	
0.008054531205964922	1058.4736000234377	4.691617206610101e-29	9.620125531026071e-11	9.71089262222164e-11	9.38547948356445e-22	6.685030858313625e-06	3.360734308077285e-16	0.0004570084162933	3.254535869765641e-07	5.977339000083355e-13	0.8366190054763818	1.6175863792115528e-12	0.0005399121285898	1.0590643023915349e-21	2.2006536672190367e-05	7.780561007440495e-07	6.309772656539685e-05	2.067624694067178e-16	1.5238529999326202e-14	1.005240628553405e-05	8.972701294885166e-11	8.008284813005471e-21	1.932006933073056e-08	4.309942588907604e-18	1.3273604688424018e-18	3.313336999657152e-12	4.232949935110868e-08	1.1955485937862293e-11	0.1622798640488812	
0.009546974703287517	1064.341103385617	2.3307419937280866e-29	7.597360192763723e-11	8.067697586228567e-11	4.112654067301644e-22	6.782202018239147e-06	2.4929945428620718e-16	0.0004569698489336	3.186108434165315e-07	4.918797667055574e-13	0.8366190111564467	1.9074977214164504e-12	0.0005399655439698	5.5232207758565895e-22	2.2029279551112102e-05	7.26708522543162e-07	6.301091762188018e-05	1.0073141000846341e-16	8.45866494244866e-15	1.0286484198669648e-05	6.204982603055703e-11	2.9114830666269775e-21	1.0326726307211934e-08	2.5266452402870946e-18	4.573458792007401e-19	2.595773482156101e-12	3.083834875206363e-08	8.45809219635568e-12	0.1622799521514169	
0.011315956652786065	1071.3016844123115	1.2154646105209596e-29	5.891766016982546e-11	6.457341053505296e-11	1.9394516822000852e-22	6.867474314685529e-06	1.9206394037321208e-16	0.0004569370960646	3.114964885997208e-07	4.290372527455427e-13	0.8366189698275183	2.248604204919113e-12	0.0005400133209164	2.526909427711828e-22	2.2043624951470865e-05	6.81646046462824e-07	6.293473134240037e-05	4.849693142233727e-17	4.904292655188511e-15	1.0489281125367925e-05	4.2095264818514896e-11	8.783108594465228e-22	5.05965008824752e-09	1.5678618188270337e-18	1.4769005744533167e-19	2.0981422051085352e-12	2.2879057984456235e-08	5.787461889798292e-12	0.1622800242274955	
0.013412717530678955	1079.0631133775532	6.590978723915708e-30	4.455528615235371e-11	4.9621542603446646e-11	9.888634534228563e-23	6.942694116185094e-06	1.534217125045503e-16	0.0004569092227211	3.041894877853267e-07	3.91666419291961e-13	0.836618901130113	2.6507842554266374e-12	0.0005400563787086	1.0516638940860089e-22	2.2052547883922975e-05	6.41893446026909e-07	6.28675202245324e-05	2.30642544151217e-17	2.992380217178567e-15	1.0666371881168134e-05	2.782281934028188e-11	2.11299435685574e-22	2.2202835807778446e-09	1.0300189064177841e-18	4.345447164829575e-20	1.7487490183485474e-12	1.734834494820744e-08	3.817138684271088e-12	0.1622800842124918	
0.01589799228450474	1087.496181404507	3.728918461241677e-30	3.270637722481269e-11	3.6588360619188435e-11	5.539852191458186e-23	7.00868717966909e-06	1.2760967285622461e-16	0.0004568856911942	2.968459261106659e-07	3.696683843603082e-13	0.8366188174323613	3.1259737269779464e-12	0.0005400950252703	4.5832907815979363e-23	2.2058003314651496e-05	6.070144171948662e-07	6.280854742245489e-05	1.0885391348684768e-17	1.9472462323457684e-15	1.0820622455783976e-05	1.7840796999333914e-11	4.016867269281707e-23	8.562596577130349e-10	7.231394891896993e-19	1.131177335038993e-20	1.5094484328349117e-12	1.3530163453285696e-08	2.4278135019844397e-12	0.1622801343294647	
0.018843769586593097	1095.915792040954	2.160666582436086e-30	2.308810110060377e-11	2.5920833412965096e-11	3.420129226234484e-23	7.0668382447884505e-06	1.0996004236801552e-16	0.0004568657652125	2.895574563849354e-07	3.5651354681502854e-13	0.8366187266272053	3.689285442404367e-12	0.0005401298662486	2.5462441625537367e-23	2.2061332517210487e-05	5.762771644122789e-07	6.275657620473725e-05	5.095318602852788e-18	1.3584642190197204e-15	1.0955926125113426e-05	1.0989771471812478e-11	6.405383937848331e-24	2.829931287242615e-10	5.416778402272724e-19	2.705282219821194e-21	1.3449985702316101e-12	1.0910914753107512e-08	1.4826326661231426e-12	0.162280176754301	
0.02233537706385123	1103.606557409364	1.2680106212104517e-30	1.563664922849531e-11	1.7800661642891806e-11	2.3338693889154342e-23	7.117843357169888e-06	9.77297170547568e-17	0.0004568490207232	2.824246951407712e-07	3.491593624954323e-13	0.8366186343452268	4.359173677692067e-12	0.0005401611520016	1.8856808101060738e-23	2.2063371806014032e-05	5.493139583224157e-07	6.271098519295818e-05	2.369695770018808e-18	1.0198865703830909e-15	1.1074317047813804e-05	6.450743298962252e-12	1.1494037684461314e-24	7.898515665227906e-11	4.32351229793429e-19	7.058840677975241e-22	1.2334614191721453e-12	9.145840349859352e-09	8.672794296202036e-13	0.1622802127584346	
0.026473952904802308	1112.138905221626	8.104163477307705e-31	1.0321714510762818e-11	1.1890588308185808e-11	1.851110142921204e-23	7.162787518138706e-06	9.216929340226675e-17	0.0004568350593308	2.753384431141487e-07	3.482402566274069e-13	0.8366185384285925	5.153600843394981e-12	0.0005401895147238	1.6913237961240726e-23	2.206459317820968e-05	5.255511912935391e-07	6.267080458323511e-05	1.0774788343797285e-18	8.443836530627157e-16	1.117853607039164e-05	3.550287289345226e-12	3.441365420564173e-25	1.7994398454144076e-11	3.8271625748903945e-19	2.7353348419169023e-22	1.194080858306054e-12	8.024662422678272e-09	4.801237168206174e-13	0.1622802431836188	
0.03137937543664821	1119.6104704405227	5.358498072329105e-31	6.7563321305318464e-12	8.029398303137031e-12	1.605177208568394e-23	7.2022871408647774e-06	8.90901872904073e-17	0.0004568235887193	2.68305629316756e-07	3.5202533885645453e-13	0.8366184463419968	6.098488778140809e-12	0.0005402152450075	1.6740712677822352e-23	2.2065350038302468e-05	5.046641951933537e-07	6.263548572137597e-05	4.7314434874517855e-19	7.457448198907776e-16	1.1270103833681732e-05	1.8047073283730117e-12	1.5385668352047885e-25	3.3164358792529103e-12	3.578407108753489e-19	1.6895731805242556e-22	1.1833788742784258e-12	7.305367919901035e-09	2.4924861554253986e-13	0.1622802692716545	
0.0371937355307264	1128.31833676676	4.231152427131669e-31	4.676267642993191e-12	5.6882718623975506e-12	1.630513768574066e-23	7.237030633610941e-06	9.185459878719011e-17	0.000456814592001	2.610198778473172e-07	3.636864246298733e-13	0.8366183517036435	7.215947477353663e-12	0.0005402389754006	1.832472618584591e-23	2.206570834411412e-05	4.862891934830634e-07	6.260441331004586e-05	1.955192120438421e-19	7.27797251469168e-16	1.1350649386617367e-05	8.271704649707599e-13	7.584136726596523e-26	4.872902014944154e-13	3.735954344828221e-19	1.4543249587294285e-22	1.2437780231070093e-12	6.964462857560367e-09	1.1877434243116105e-13	0.1622802910825892	
0.044085452418341206	1138.5385579407696	4.315759953799861e-31	3.665589665745112e-12	4.468267639610924e-12	1.959399092063408e-23	7.267637458545215e-06	1.0149696393276771e-16	0.0004568080688644	2.531915056645052e-07	3.8505070989826733e-13	0.836618251790462	8.533643285415759e-12	0.0005402612888398	2.2187948838405613e-23	2.2065714993986106e-05	4.7009929832760476e-07	6.257703445871222e-05	7.387778301750805e-20	7.894777856486901e-16	1.1421615390844294e-05	3.314842445380705e-13	3.5533994472447916e-26	6.616594301662486e-14	4.388824460631665e-19	1.641917027290677e-22	1.3927181060454934e-12	6.967664072442293e-09	5.042018194473523e-14	0.1622803089335468	
0.05225415213602948	1151.4726760966023	6.216052859403367e-31	3.412434297769186e-12	3.993459474007897e-12	2.8975697670138786e-23	7.294663695095367e-06	1.227138093447585e-16	0.0004568040710869	2.4450631471020545e-07	4.195879293771424e-13	0.8366181383452838	1.0078552960355287e-11	0.0005402827612979	3.01499157983996e-23	2.206532298758312e-05	4.558005351578196e-07	6.255285159795984e-05	2.483694235921147e-20	9.728093309395468e-16	1.1484292742876268e-05	1.1279776605662737e-13	1.5047840495040923e-26	2.0161687117321576e-14	5.982483626684943e-19	2.0426204129206812e-22	1.693036540815944e-12	7.365543157386692e-09	1.831754526752077e-14	0.1622803225907129	
0.061936449909706044	1166.0290092919906	1.150372226969379e-30	3.662456267714094e-12	3.999217561321661e-12	4.906129038764786e-23	7.318649394712624e-06	1.5708118180124694e-16	0.0004568023267225	2.349832821471183e-07	4.69548974504219e-13	0.8366180105517441	1.1888880578835295e-11	0.0005403036296644	4.433575683163893e-23	2.206460286982928e-05	4.43108115526458e-07	6.253138266104868e-05	7.756041349208862e-21	1.305101610267957e-15	1.1539931273508952e-05	3.4434034886301033e-14	5.893299107917146e-27	1.817288560246501e-14	8.977241864981924e-19	2.9791663843708397e-22	2.1680084629102025e-12	8.088876921910136e-09	5.6296886053884505e-15	0.1622803324459528	
0.07341280397070114	1183.042382391087	2.694185544726753e-30	4.373126603615586e-12	4.3069569588277865e-12	9.673375530950725e-23	7.340007591348422e-06	2.1504475266356838e-16	0.0004568025892359	2.246706680194133e-07	5.416968624946169e-13	0.8366178553706511	1.400268525318264e-11	0.000540324039184	7.088810457449659e-23	2.2063447820108417e-05	4.318031575712712e-07	6.25122561562743e-05	3.450987536042754e-21	1.922345074075474e-15	1.1589491829197254e-05	1.4551804119322812e-14	3.3126887231991e-27	2.1456798993781485e-14	1.5037287211776951e-18	4.9680231932400015e-22	2.951076032859277e-12	9.24453664625898e-09	1.7333003792364685e-15	0.1622803376853176	
0.08701563933188906	1199.9278958071552	6.428040504868305e-30	5.365164452914108e-12	4.793564863500053e-12	1.904035364313923e-22	7.359095953807316e-06	2.937406425460225e-16	0.0004568037736714	2.1448837419553254e-07	6.405433244829353e-13	0.8366176839531358	1.648642007814892e-11	0.0005403432427771	1.139105365130477e-22	2.2062094356567745e-05	4.216991630015516e-07	6.249515526612403e-05	3.3930492873186994e-21	2.8360046170958866e-15	1.1633796162198328e-05	1.3455687409986443e-14	4.0387506363648396e-27	2.6109726442965e-14	2.5121572937222298e-18	8.238976239182756e-22	4.004408228769893e-12	1.0597102271666353e-08	9.464116811613482e-16	0.1622803395374236	
0.10313897683787222	1218.2183917191408	1.6890071597906045e-29	6.8529349832712354e-12	5.478903433597944e-12	4.007445076026073e-22	7.376190512907329e-06	4.1354184257957597e-16	0.0004568058737563	2.043032868558638e-07	7.79625629010915e-13	0.8366174739814772	1.9395375433125412e-11	0.0005403615021479	1.9008255344340024e-22	2.206032042914614e-05	4.126499126064696e-07	6.247982890935669e-05	4.858395706256348e-21	4.3610305231742056e-15	1.1673490344599082e-05	1.7769500705443896e-14	7.131958949663861e-27	3.313826397076503e-14	4.4058617000878595e-18	1.4332408442307574e-21	5.581318464503997e-12	1.23677024412733e-08	9.371394594285698e-16	0.1622803362591194	
0.1222498464050782	1237.9842310047609	4.8423066825098926e-29	9.073142319012792e-12	6.405112489981417e-12	8.959571654588606e-22	7.391578648869244e-06	5.984578630702887e-16	0.0004568086817059	1.9417741436490425e-07	9.73845075325632e-13	0.8366172070841509	2.2802643095747292e-11	0.0005403788923215	3.2804799571159163e-22	2.205801590501262e-05	4.045057110393477e-07	6.24660176494899e-05	7.594891316305209e-21	6.960422283087101e-15	1.1709241097162348e-05	2.5269858772772752e-14	1.4216747177784834e-26	4.3630828944353577e-14	8.075351233941478e-18	2.6072931297579177e-21	7.971702488868984e-12	1.466582425382317e-08	1.0903427485339698e-15	0.1622803264581734	
0.14490181504861976	1258.212801449538	1.3876151913144315e-28	1.2039723250860662e-11	7.521965338443924e-12	2.0007351894766125e-21	7.405474636877844e-06	8.662329655610833e-16	0.0004568115678711	1.8462957325041996e-07	1.234215431088395e-12	0.8366168800259683	2.680593876757074e-11	0.0005403950042872	5.668750269067853e-22	2.2055269981933577e-05	3.971619510468805e-07	6.245353403515475e-05	1.194836694954581e-20	1.1109263822620087e-14	1.1741527676214294e-05	3.6118787066672655e-14	2.6549971130981874e-26	5.76996516948388e-14	1.4788726872501656e-17	4.741381173379171e-21	1.1375257435281266e-11	1.7402504195236698e-08	1.2937220279241173e-15	0.1622803099915943	
0.1717510215498498	1278.5151594565432	3.8367392996422844e-28	1.5772330137362445e-11	8.791012483613451e-12	4.358988210421175e-21	7.418122020978355e-06	1.241179130172139e-15	0.0004568142252893	1.7583172951947914e-07	1.5711188436989505e-12	0.8366164855772319	3.151689130808081e-11	0.0005404097981332	9.684253733902974e-22	2.2052121184274968e-05	3.9050734936302084e-07	6.244217089994488e-05	1.8496653068411548e-20	1.7478435566155503e-14	1.1770875007704204e-05	5.0991547897497766e-14	5.021650592977002e-26	7.559404603277136e-14	2.6603030247433545e-17	8.473167139138548e-21	1.606300026113453e-11	2.05392190656614e-08	1.530106667182002e-15	0.162280286411279	
0.20357518222611037	1298.9670842789303	1.0268740948628966e-27	2.0406066578507455e-11	1.0216379928171098e-11	9.290448248215848e-21	7.429714979427816e-06	1.7628177548676417e-15	0.0004568166080394	1.6769694244525197e-07	1.998295807981002e-12	0.8366160073281291	3.7062184471749394e-11	0.0005404234852845	1.63720873312371e-21	2.20485235430829e-05	3.844732897488596e-07	6.24317796454726e-05	2.8178137100035246e-20	2.7146001153772802e-14	1.1797647103093702e-05	7.111172530826879e-14	9.31526431885032e-26	9.811806856160873e-14	4.71028747341528e-17	1.4908402186048495e-20	2.2474825310474596e-11	2.4121440885419636e-08	1.800401655061399e-15	0.1622802544252431	
0.24129611832536074	1319.2544196540312	2.601659557728144e-27	2.5840329780606797e-11	1.1745363480408888e-11	1.907745104525657e-20	7.440478603260532e-06	2.465039358530412e-15	0.0004568184914214	1.602708250941747e-07	2.5256634858371803e-12	0.8366154404421815	4.3597055368291437e-11	0.0005404361972305	2.716769677097842e-21	2.204454621990401e-05	3.790122097798345e-07	6.242222550404836e-05	4.1743755744749495e-20	4.123469332399336e-14	1.1822160550468471e-05	9.70934714858586e-14	1.6732297631920903e-25	1.251116151106597e-13	8.117661706210986e-17	2.5540721141716892e-20	3.0963105461861986e-11	2.8080119178007202e-08	2.0956524906288842e-15	0.1622802137693331	
0.28600645757603915	1339.5062059759605	6.3047640021788636e-27	3.21507243958442e-11	1.3381018162784864e-11	3.8014645681183624e-20	7.450712476141344e-06	3.4049659310062837e-15	0.0004568197063946	1.5343353491445714e-07	3.1720136643908287e-12	0.8366147671093024	5.1298371038305807e-11	0.0005404483335505	4.440655600520525e-21	2.204014884162681e-05	3.7410561990434886e-07	6.241338823189576e-05	6.04357462207113e-20	6.151871205340541e-14	1.1844672335060396e-05	1.30288824201926e-13	2.9281297724858573e-25	1.572109768709789e-13	1.3688710794499796e-16	4.282466349626027e-20	4.2129439951730593e-11	3.245507919935386e-08	2.4172679945759856e-15	0.1622801630648753	
0.3390012833314499	1359.592359673734	1.4511428835611604e-26	3.919268088582178e-11	1.5081723945315217e-11	7.315448156962894e-20	7.460906224760491e-06	4.6366376851193846e-15	0.000456819760917	1.47163195271202e-07	3.952005438224181e-12	0.8366139795008257	6.037953069550018e-11	0.0005404604268189	7.130746079664019e-21	2.203538023455164e-05	3.697752161261248e-07	6.240516406196186e-05	8.518810062590571e-20	8.987632372304166e-14	1.1865367486826933e-05	1.713388654231121e-13	4.9721730366122935e-25	1.9413116096486107e-13	2.2505533526148116e-16	7.002704673144839e-20	5.6500358115662195e-11	3.7197471810049854e-08	2.7578501818823748e-15	0.1622801018902506	
0.4018156480603808	1379.2007158949632	3.1174583332175973e-26	4.6489189530345314e-11	1.6755133344250754e-11	1.3435111507953718e-19	7.471999724104588e-06	6.192754841756376e-15	0.0004568176345939	1.4148534697640205e-07	4.869275579190448e-12	0.8366130868276233	7.109772051645656e-11	0.0005404734539375	1.1178005321635857e-20	2.2030397623601248e-05	3.660824642831632e-07	6.239744096032254e-05	1.1585003777745116e-19	1.2765166420387078e-13	1.18844099632278e-05	2.192878564319952e-13	8.109364329908319e-25	2.340935757072549e-13	3.5758738202285037e-16	1.1069852432668508e-19	7.431527397196957e-11	4.215088055296628e-08	3.099186617875587e-15	0.1622800315364214	
0.47626903780279833	1397.8356563870657	6.088006320852306e-26	5.3108573335799277e-11	1.8249567748966935e-11	2.3128241692912813e-19	7.485761707556471e-06	8.050273281756265e-15	0.0004568113938298	1.3645766276199556e-07	5.906451281331361e-12	0.8366121270972093	8.376414476300452e-11	0.0005404892592545	1.694236378467261e-20	2.2025504653452697e-05	3.6315617428683947e-07	6.239013074176861e-05	1.4992480234155548e-19	1.7432767551871815e-13	1.1901852421777826e-05	2.7026524230539565e-13	1.2513809510973659e-24	2.7306395046987293e-13	5.417674122976402e-16	1.6693181467920637e-19	9.514104436503216e-11	4.7013794637795574e-08	3.4093530119182903e-15	0.162279956202456	
0.5645180755516963	1416.1683609655124	1.133441726703059e-25	5.957962049392556e-11	1.9699195094092003e-11	3.853851200264602e-19	7.505559092773365e-06	1.0336040146926588e-14	0.0004567977338965	1.31831229373537e-07	7.105977915595955e-12	0.8366110556736611	9.871606411124851e-11	0.0005405116291872	2.5242109362805462e-20	2.2020472647357876e-05	3.611656721826236e-07	6.238309244747692e-05	1.8914558876838732e-19	2.333190944687704e-13	1.1917803645226209e-05	3.266960351905107e-13	1.874026507935288e-24	3.1312404544119433e-13	8.01093076071514e-16	2.457407202521095e-19	1.201312267734497e-10	5.2013322044096655e-08	3.7100116328799105e-15	0.1622798734997569	
0.6691189901715635	1433.2145466344016	1.9060137320958323e-25	6.430205846238791e-11	2.0858360651520628e-11	5.990641379236412e-19	7.537604729731611e-06	1.2897494939632255e-14	0.0004567700817607	1.2778994686063436e-07	8.402670976245344e-12	0.8366099670684204	1.1640134749537867e-10	0.0005405468395045	3.624518951884788e-20	2.2015899493208773e-05	3.603414771978326e-07	6.237620491760448e-05	2.2611402969599662e-19	2.991517171579087e-13	1.1932289190384102e-05	3.789441431593915e-13	2.6416343377435314e-24	3.462193004421511e-13	1.1244361668870236e-15	3.435554937149986e-19	1.4726849305302212e-10	5.655653728528806e-08	3.943605079056079e-15	0.162279794609586	
0.7931016603333043	1449.3360996525064	2.983593007425191e-25	6.768469099584191e-11	2.185197683171503e-11	8.861983424142054e-19	7.592653306412541e-06	1.578117290467193e-14	0.0004567176139268	1.241805835061075e-07	9.808563691192091e-12	0.8366088438674725	1.3730751615882382e-10	0.0005406060401085	5.06465677082624e-20	2.201171472638497e-05	3.609095448272849e-07	6.236923525156351e-05	2.5983472415146443e-19	3.7157224045324666e-13	1.1945551609416035e-05	4.2633955322529673e-13	3.5593504946157744e-24	3.7263192059295916e-13	1.5187226733818497e-15	4.623468046520517e-19	1.7663961511457944e-10	6.071414353054909e-08	4.120021509719521e-15	0.1622797228576441	
0.9400573782282964	1463.609186625311	4.161506827366204e-25	6.845943828548959e-11	2.251545513865027e-11	1.2102197941829196e-18	7.687601613483697e-06	1.8670156764863707e-14	0.0004566232006479	1.211443900315174e-07	1.1213808920018143e-11	0.8366078052904324	1.6206109283739003e-10	0.0005407061932536	6.770799446572476e-20	2.200857068406416e-05	3.63038996711942e-07	6.236190626049767e-05	2.801652208771339e-19	4.384163558840662e-13	1.1957997803168402e-05	4.565589104957069e-13	4.4568749556397956e-24	3.839549918267623e-13	1.927114685465167e-15	5.848947234493032e-19	2.0450288538365342e-10	6.384037101158498e-08	4.184949176509052e-15	0.1622796764055097	
1.1142428752325098	1477.94175963327	5.824396980300867e-25	7.000879564922632e-11	2.3510337649216696e-11	1.6519044981325661e-18	7.846561058701228e-06	2.2105631195104223e-14	0.0004564629496766	1.1823557977415645e-07	1.2789930789029379e-11	0.8366066184840235	1.9126864228760776e-10	0.0005408720168764	9.014663902540313e-20	2.2005406489195423e-05	3.668688452125249e-07	6.235371900606965e-05	3.0051933219879773e-19	5.146547510027343e-13	1.197046959563159e-05	4.865850283158574e-13	5.5426672082528355e-24	3.9391261115811466e-13	2.4306070456383297e-15	7.356034918866821e-19	2.359607691691497e-10	6.698849829399731e-08	4.240276662754474e-15	0.1622796455138382	
1.3207036227366309	1492.3564764210394	8.253776389883868e-25	7.297407414858779e-11	2.5074067854021075e-11	2.2644511995795077e-18	8.103793573515076e-06	2.6199833069825174e-14	0.0004562026575837	1.1544156722297553e-07	1.455478685091959e-11	0.8366052324951575	2.257114882568271e-10	0.0005411378055633	1.1960892233466582e-19	2.200221850604056e-05	3.723644363809316e-07	6.234399040723121e-05	3.211263234451364e-19	6.015170860426831e-13	1.1984376667281156e-05	5.16509072217379e-13	6.852036990699909e-24	4.026387114391872e-13	3.049660207057442e-15	9.205390538982169e-19	2.7146911767401827e-10	7.016362417409165e-08	4.287591081669668e-15	0.1622796411274875	
1.5654199796841293	1505.89401170365	1.1360662335914612e-24	7.669758887004729e-11	2.7276919925729528e-11	3.025679636140261e-18	8.509459670805767e-06	3.057894148760565e-14	0.0004557923611805	1.1292748584831444e-07	1.6384593871571688e-11	0.8366037235895306	2.66358380097514e-10	0.0005415533766006	1.553348014095164e-19	2.19996420237311e-05	3.792543472824761e-07	6.233158624387426e-05	3.333723416677193e-19	6.856199850988885e-13	1.2002290124449292e-05	5.353422114953121e-13	8.17585607907793e-24	4.0291136772523114e-13	3.71071760948241e-15	1.11773687201207e-18	3.0696604645147945e-10	7.273842795937482e-08	4.277496620062896e-15	0.162279692691408	
1.8554804201388424	1519.520017505785	1.6188143948987941e-24	8.387862388506212e-11	3.092459277150674e-11	4.107328075535883e-18	9.130394352930404e-06	3.5693773844028056e-14	0.0004551656124441	1.1049612900073205e-07	1.8402561977583688e-11	0.836601870996331	3.1419915559031876e-10	0.0005421856335995	2.0130659889404421e-19	2.199708518191984e-05	3.873066038098528e-07	6.231474114067757e-05	3.4600562831014604e-19	7.793090381143941e-13	1.2027975634644712e-05	5.536125790617924e-13	9.722225355012197e-24	4.0227056966254484e-13	4.498254232765552e-15	1.3527175916665665e-18	3.4642604449428646e-10	7.530264486266318e-08	4.263009853732707e-15	0.1622798109961568	
2.199286858606028	1532.2464834608634	2.294784454866836e-24	9.457753286774074e-11	3.6547875918424896e-11	5.502892954290339e-18	1.0066346720619958e-05	4.0967592533237565e-14	0.0004542231762677	1.0830363379267915e-07	2.044240908168272e-11	0.8365997050530574	3.7049049630489335e-10	0.0005431337990982	2.5575267375668665e-19	2.199521839707351e-05	3.959722334223192e-07	6.229065608739001e-05	3.5053577535308253e-19	8.655421951772945e-13	1.2067628045545532e-05	5.602406430892027e-13	1.1192543248352621e-23	3.938953862343463e-13	5.296943438302511e-15	1.5915679295496276e-18	3.846718691528363e-10	7.7196646766106e-08	4.196895934256876e-15	0.1622800440869167	
2.6067980205769232	1544.0485951507276	3.2678145485835013e-24	1.1093017494560219e-10	4.541680612973895e-11	7.313606679642427e-18	1.1451339464751555e-05	4.6184545496534544e-14	0.0004528316953493	1.0632568123804757e-07	2.2452617493076478e-11	0.8365970693932311	4.3656299147830206e-10	0.0005445315693558	3.188377717062629e-19	2.199408477481009e-05	4.0467664961433697e-07	6.225528065443253e-05	3.4778132996882744e-19	9.405206497625437e-13	1.2129963447893827e-05	5.556240591131011e-13	1.2498983976779002e-23	3.7871376131463843e-13	6.064538003702211e-15	1.822602230689109e-18	4.205341931508232e-10	7.838410855596723e-08	4.084741682873204e-15	0.1622804391834119	
3.0898179077880132	1553.4098080601273	4.3658602113391586e-24	1.321367216933969e-10	5.873435274756557e-11	9.196912631443999e-18	1.3478009972547169e-05	4.9886179289947185e-14	0.0004507996356447	1.0476887682363596e-07	2.407069358524944e-11	0.8365939878236424	5.140078436076473e-10	0.0005465706272861	3.801869009246785e-19	2.199469069392841e-05	4.123758437304737e-07	6.220289114229402e-05	3.268797441995341e-19	9.710918707244164e-13	1.2227562218693857e-05	5.252455894866332e-13	1.2988006586314867e-23	3.488319756060111e-13	6.508426462674335e-15	1.9597271562279654e-18	4.434128837745337e-10	7.787707133770262e-08	3.867586836742091e-15	0.1622810861066511	
3.662337713903369	1561.9335856681391	5.9185396684698824e-24	1.6432049663068395e-10	7.999683140714358e-11	1.1552130586161548e-17	1.6362497084766293e-05	5.3041889431215296e-14	0.0004479105657841	1.0334301897652701e-07	2.551773494600918e-11	0.8365898966692699	6.041634567356915e-10	0.0005494682740557	4.471703607876558e-19	2.1995940224202526e-05	4.196170212516242e-07	6.212652863855258e-05	3.0476268202624544e-19	9.87238866534759e-13	1.237382282971598e-05	4.899951507653008e-13	1.32190079492615e-23	3.173010257463134e-13	6.8322044600562506e-15	2.0647152400396917e-18	4.620280987421527e-10	7.677121883021875e-08	3.634194288931324e-15	0.1622820336068405	
4.34094109457766	1568.0136696801244	7.515012182707955e-24	2.063402752463012e-10	1.1260128370555712e-10	1.3734199896278037e-17	2.04655313047796e-05	5.405157147395e-14	0.0004438053830428	1.0225325346213709e-07	2.6372101278368455e-11	0.8365845824135624	7.08572026396446e-10	0.0005535841012609	5.052659715930059e-19	2.199879068279604e-05	4.250017563801564e-07	6.201717400458552e-05	2.7263965879538373e-19	9.58612980373746e-13	1.2588317053744824e-05	4.3836171889952637e-13	1.2623948341799761e-23	2.778231105692847e-13	6.751959629685509e-15	2.053361545760886e-18	4.656740292016652e-10	7.413443896316955e-08	3.3337664960687085e-15	0.1622834262525775	
5.145284530985853	1571.742961877575	8.91375032355963e-24	2.597777372051962e-10	1.6240747525047084e-10	1.5454715251368138e-17	2.6239087018166365e-05	5.2822151780097866e-14	0.0004380333170759	1.0143034559163509e-07	2.6553029149567385e-11	0.8365773848111897	8.282461984007525e-10	0.0005593699122942	5.507299591813004e-19	2.2003015884377173e-05	4.277556630604169e-07	6.186499081793395e-05	2.3620829724345973e-19	8.929350248341643e-13	1.289161309677673e-05	3.779736502557352e-13	1.1393370249754537e-23	2.350720461644512e-13	6.309865312573311e-15	1.937607315276092e-18	4.5529320884788575e-10	7.021094457552036e-08	2.9950596189169976e-15	0.1622854097551365	
6.098666701068888	1573.0809822900767	9.69622874646412e-24	3.2197507418347646e-10	2.357013739624197e-10	1.6308263325837548e-17	3.417350859309777e-05	4.938647750208976e-14	0.0004301055992656	1.0081592981236316e-07	2.5990929833215598e-11	0.8365675915671802	9.636484493616951e-10	0.0005673155611209	5.798910892157327e-19	2.200842463844196e-05	4.2684913726073213e-07	6.16609220153929e-05	1.9915328390131557e-19	7.985849981755609e-13	1.33029864601278e-05	3.146192451837256e-13	9.740536654305288e-24	1.9237312440608957e-13	5.579482675879454e-15	1.7372399470028923e-18	4.3210647439713405e-10	6.521183650184054e-08	2.6390759190626816e-15	0.1622881418060014	
7.228703350949566	1574.0	1.0347038431750057e-23	3.9636648545098466e-10	3.4106018219873875e-10	1.6982200557705326e-17	4.453912964669789e-05	4.573019282822517e-14	0.0004197500724621	1.0005777882041389e-07	2.5099213051977807e-11	0.8365544820171614	1.1144598118746215e-09	0.0005776942621872	6.110301293562549e-19	2.201379368032753e-05	4.244868753894614e-07	6.139630075338053e-05	1.7140548234467974e-19	7.13879286206326e-13	1.3837599174915738e-05	2.629000755163786e-13	8.360360006615235e-24	1.5755952026986245e-13	4.902696890925624e-15	1.5541944329966208e-18	4.0935440760319727e-10	6.036201668064174e-08	2.3332260063631688e-15	0.162291681964959	
8.568127214899482	1576.472111232359	1.165209864500905e-23	4.919765565174224e-10	4.906448389489491e-10	1.841314408957079e-17	5.741288355955815e-05	4.352912608918685e-14	0.0004068864358271	9.88069363373164e-08	2.4281121091588808e-11	0.8365376748114073	1.279757542957547e-09	0.000590587030197	6.667032345727686e-19	2.201820423201172e-05	4.241062542338425e-07	6.106206828283965e-05	1.570688112948949e-19	6.636206827265317e-13	1.451011990268373e-05	2.290915565048474e-13	7.622867106695379e-24	1.3356336828242436e-13	4.492340204418763e-15	1.4552381328002197e-18	3.97795372017742e-10	5.657710442668285e-08	2.1153418531338287e-15	0.1622960345741131	
10.15573615440418	1577.822325257465	1.2490726732817885e-23	6.008260685536091e-10	7.01594195919598e-10	1.9288790146022708e-17	7.421931440830618e-05	4.049104731244572e-14	0.0003900962325342	9.724341229681409e-08	2.288594240840388e-11	0.8365156227366839	1.4538273845437112e-09	0.0006074150809476	7.219893267891585e-19	2.202304051659127e-05	4.210287451603315e-07	6.0634099725316014e-05	1.447729607215867e-19	6.094445612813563e-13	1.5373922029615652e-05	1.985722328336317e-13	6.882292852097206e-24	1.1223697386105785e-13	4.028769998564353e-15	1.3419491734870238e-18	3.8288037902044596e-10	5.2549436703000404e-08	1.91693197686556e-15	0.162301703065558	
12.037516980200671	1573.4608105036498	1.0628212491806222e-23	6.887782174373303e-10	9.917024985820941e-10	1.712998244054723e-17	9.82753343039604e-05	3.3432136148363074e-14	0.0003660780652898	9.547133508598478e-08	1.9953095233140477e-11	0.8364843636289636	1.618606835995063e-09	0.0006314865957843	7.233477579417053e-19	2.203013687063106e-05	4.0365984132222346e-07	6.007962793082094e-05	1.227103048281122e-19	5.0593496488249e-13	1.6507121835340095e-05	1.5792736121007114e-13	5.4625123948603055e-24	8.674820916424106e-14	3.176279942087008e-15	1.1008692548075016e-18	3.4418525242097874e-10	4.6608397236484466e-08	1.6658180123819362e-15	0.1623098172593867	
14.26797751000857	1563.4157304396676	7.042582044357277e-24	7.286336388992941e-10	1.3629844268639712e-09	1.2766919079380405e-17	0.0001322413666538	2.4117776914825992e-14	0.0003321791764938	9.263572723121401e-08	1.5843205257526278e-11	0.8364401225963882	1.7446862988526984e-09	0.0006654612828728	6.734331825694885e-19	2.203890790136141e-05	3.682668826751666e-07	5.938405409230696e-05	9.606163619274664e-20	3.7878572975072383e-13	1.794336282318699e-05	1.1530542502528366e-13	3.8217344775711555e-24	6.153633697339468e-14	2.204012561637816e-15	8.065790207249234e-19	2.8950148664961515e-10	3.945313244406363e-08	1.3948575716519349e-15	0.1623212253394428	
16.911725446448067	1547.1576563789129	3.3650987012825745e-24	6.737845285691629e-10	1.737576783538433e-09	7.632638114581156e-18	0.0001773443621738	1.45909498451542e-14	0.000287180725289	8.760315028471307e-08	1.1222128526548262e-11	0.8363810986335783	1.7943834993521675e-09	0.0007105625680275	5.744359764699734e-19	2.2048812806720797e-05	3.104087469249892e-07	5.8572114320184525e-05	6.840441686740718e-20	2.504523301918331e-13	1.963792777510493e-05	7.569876710647032e-14	2.29111108586354e-24	3.932288109492215e-14	1.3204227272377664e-15	5.176449089813507e-19	2.2533835945347686e-10	3.1672903479476884e-08	1.114999939303017e-15	0.1623362989097596	
20.0453398090524	1530.9898771392373	1.44459966552156e-24	5.640950874706212e-10	2.0102125379937602e-09	4.315514158816802e-18	0.0002268801696893	8.348535675471748e-15	0.0002377625494535	7.95180516486436e-08	7.581869998686276e-12	0.8363156710743739	1.7675088168967731e-09	0.0007600984917813	4.896132563783832e-19	2.2057428557777125e-05	2.484083641685826e-07	5.76947987234138e-05	4.951662002152483e-20	1.6456050723234354e-13	2.1468577875039777e-05	4.948662404874901e-14	1.3669817186413282e-24	2.4988736487064044e-14	7.875678132673449e-16	3.313669296798776e-19	1.7509013205279582e-10	2.537204344418372e-08	8.920057131022825e-16	0.1623527936763207	
23.75958912842765	1526.309189215267	9.400248474681715e-25	5.035264886173302e-10	2.224738917519083e-09	3.333753980449124e-18	0.0002666789480441	6.013837541137605e-15	0.0001980486848762	7.021508995494116e-08	5.767197385533751e-12	0.836262370238666	1.7469570203679536e-09	0.0007999124906512	4.973738806440095e-19	2.206226205469784e-05	2.096728818669147e-07	5.686623482384792e-05	4.4594355747952105e-20	1.3568267278432765e-13	2.31756556024736e-05	3.9589388413014704e-14	1.0985372862881742e-24	1.9216682394524838e-14	6.192616188433023e-16	2.7447771348256014e-19	1.5798644778602963e-10	2.2390216404051137e-08	7.889347916993561e-16	0.162366036439757	
28.16206065495393	1527.3909619006808	7.526577801021176e-25	4.61931992927797e-10	2.3938935615149524e-09	3.013014631179159e-18	0.0002993482136667	4.871137011665436e-15	0.0001654461094173	6.095444494071875e-08	4.6725145132298686e-12	0.8362182307852003	1.7292443198418999e-09	0.0008326006372959	5.497829577983673e-19	2.2065410587928392e-05	1.8177089266342402e-07	5.606104911406673e-05	4.466893740421048e-20	1.254759666926129e-13	2.482313396176609e-05	3.4976085443249473e-14	1.0212012686055064e-24	1.6270069315952878e-14	5.593627696716982e-16	2.5801678496543947e-19	1.534766955640788e-10	2.076208794346311e-08	7.306326252865213e-16	0.1623769283290012	
33.38027673990301	1524.5973830575826	4.826583592860105e-25	3.8321465036538335e-10	2.418194306502186e-09	2.3510564316186215e-18	0.0003326752947883	3.4859551109921906e-15	0.0001321951987384	5.0876654261812155e-08	3.505315222673013e-12	0.8361733021129215	1.6387535864234764e-09	0.0008659403085176	5.64720206197374e-19	2.20691077246876e-05	1.479939244030355e-07	5.521416252974552e-05	4.168220299429825e-20	1.0671855475920157e-13	2.656011181420105e-05	2.8482634217498425e-14	8.411539048949137e-25	1.2828141747273415e-14	4.563818678651589e-16	2.1908064161249173e-19	1.4069425557922303e-10	1.8619405221431852e-08	6.4525567499501415e-16	0.1623880589742367	
39.56538865832268	1518.6191776688397	2.5451594476000294e-25	2.8917125510607387e-10	2.2921019246517394e-09	1.6146603307706462e-18	0.0003646171012052	2.2325237284843268e-15	0.0001003314080516	4.04154970181416e-08	2.4372166896576935e-12	0.8361302131242419	1.4763081192588891e-09	0.0008978910719974	5.431735497137442e-19	2.207298184706285e-05	1.1344612348662345e-07	5.431854947411136e-05	3.670874315303296e-20	8.466825092326706e-14	2.8394966466175708e-05	2.162559404775593e-14	6.236471816072231e-25	9.533124763976696e-15	3.4136571526338113e-16	1.7013155354362836e-19	1.2261675122771223e-10	1.6240157058436074e-08	5.452049440654319e-16	0.1623987610388974	
46.89655486926544	1517.4928229333188	1.631946356672716e-25	2.2774366034797658e-10	2.1632638956357035e-09	1.279339403725934e-18	0.0003880846440433	1.5976501794993337e-15	7.69200225772518e-05	3.1852548207508714e-08	1.8034351557196044e-12	0.8360981490699517	1.3418685882486491e-09	0.0009213685618373	5.600358198821654e-19	2.2075556011411935e-05	8.998565147303718e-08	5.342026228584489e-05	3.5239991553643397e-20	7.420626872656838e-14	3.022172208937936e-05	1.7881487638885938e-14	5.2319555668052995e-25	7.703836428129174e-15	2.8690721125666136e-16	1.4676866615348944e-19	1.136464654957e-10	1.4772965658377464e-08	4.779627579969729e-16	0.1624066942162725	
55.58613053440591	1521.78475995429	1.3323835084356673e-25	1.9243236381488915e-10	2.0777661493608433e-09	1.203279331737172e-18	0.0004041977353459	1.314279552692942e-15	6.0843930523061416e-05	2.5465428392338452e-08	1.4550942380009809e-12	0.836075636287794	1.256726084435046e-09	0.000937491599343	6.282373786056546e-19	2.2077013151492972e-05	7.527515601876285e-08	5.250362857987693e-05	3.7214733009549584e-20	7.287496303025585e-14	3.207437341251869e-05	1.6357422955586392e-14	5.085047339464389e-25	6.853886468682061e-15	2.7569962156803316e-16	1.4338089630233162e-19	1.1322399544063213e-10	1.408708701787466e-08	4.395263334852766e-16	0.1624122301314409	
65.88581861506815	1526.7993096883126	1.1072488727566026e-25	1.61923336545632e-10	1.9740496953617408e-09	1.1492245753046256e-18	0.0004170738550402	1.0955602076243595e-15	4.799825657569179e-05	2.0207557644877883e-08	1.1822427818900116e-12	0.8360572934693234	1.173628498821341e-09	0.0009503756370796	7.086583764358788e-19	2.207821394530292e-05	6.31098109357696e-08	5.150929550454706e-05	3.96956685789917e-20	7.272304330750234e-14	3.4079006635527255e-05	1.5140380712278453e-14	5.017173529131691e-25	6.182161233104192e-15	2.687960456746205e-16	1.4157017429552532e-19	1.1355084002605532e-10	1.3514053745197016e-08	4.04528696267061e-16	0.1624167384684144	
78.09396072084505	1531.7735598656134	9.048535228294644e-26	1.3429345100105465e-10	1.849872453857451e-09	1.0877015136363612e-18	0.0004275857653468	9.080602112579736e-16	3.751233155010808e-05	1.5846055352892004e-08	9.535294762640832e-13	0.8360419352321832	1.0858558260870356e-09	0.0009608936498996	7.940903946795564e-19	2.207929788767945e-05	5.267127395474665e-08	5.039892258101573e-05	4.217157054316994e-20	7.266740470916285e-14	3.631337508394375e-05	1.3996144204461141e-14	4.927315616682937e-25	5.5848912334540185e-15	2.6087862846541e-16	1.3878372123663605e-19	1.1345589598608837e-10	1.2956068839449032e-08	3.700322816119874e-16	0.1624205170163283	
92.56417889712792	1539.7423358077003	8.480984718885162e-26	1.1659339442782703e-10	1.7643065282302561e-09	1.1327158055435929e-18	0.0004351207643827	8.172512635398101e-16	2.9995273387858453e-05	1.2615995511519525e-08	8.093122549686396e-13	0.8360302845346103	1.027168337252314e-09	0.0009684347480624	9.33256656763426e-19	2.207991150602597e-05	4.5589100524471516e-08	4.916852144001469e-05	4.70300754317422e-20	7.745054460337362e-14	3.878363880294284e-05	1.3725340162710783e-14	5.2683228049356465e-25	5.331195140957972e-15	2.723095829506688e-16	1.4577085433337717e-19	1.1797089118326175e-10	1.273742798249799e-08	3.481499395956249e-16	0.1624233610343377	
109.71561867027283	1550.0067321854624	8.806465015565311e-26	1.0485111957334827e-10	1.7071953215159862e-09	1.2665574576971805e-18	0.0004407057747885	7.839489251318434e-16	2.4422881291570476e-05	1.0173411301977666e-08	7.139024853577155e-13	0.8360209344292852	9.889158341338026e-10	0.0009740259889046	1.136687777037951e-18	2.208020544646548e-05	4.065807717156492e-08	4.77690036316517e-05	5.426534878437707e-20	8.676870146633422e-14	4.1589476728948375e-05	1.4095244716012578e-14	6.014554263548379e-25	5.31228809773006e-15	2.9998966267636083e-16	1.6118983796943187e-19	1.2635806369750955e-10	1.2756587815861889e-08	3.3463328678143032e-16	0.1624256216167798	
130.04509005129003	1557.0657693034543	7.724678558580234e-26	8.806497199830677e-11	1.5913522826450776e-09	1.2635420454500032e-18	0.0004459949338635	6.826344708482073e-16	1.914837950485221e-05	7.936174943093241e-09	5.90168778333358e-13	0.8360119314380733	9.175040133185701e-10	0.000979318633147	1.3037646537765273e-18	2.2080840997384826e-05	3.4620959269915135e-08	4.626400650916664e-05	5.893967789440055e-20	9.080134965801341e-14	4.4607347626553806e-05	1.3550439719545066e-14	6.223241883572265e-25	4.9958408908445365e-15	3.03907766868127e-16	1.6395799003958591e-19	1.2904308407973346e-10	1.2427310969975942e-08	3.094445223738277e-16	0.162427828322506	
154.14145817536422	1565.0784500256632	7.040317414715652e-26	7.484606490920133e-11	1.488816274564404e-09	1.2950253526208221e-18	0.0004500576347094	6.107460307073877e-16	1.5097321443363358e-05	6.209825726535481e-09	4.948123366163083e-13	0.8360042383334402	8.558687711000016e-10	0.0009833847751161	1.5151907329847812e-18	2.208133330701904e-05	2.988959275506553e-08	4.453823829947376e-05	6.462399877443675e-20	9.719858214145331e-14	4.806516793620357e-05	1.329949339793046e-14	6.62148018300212e-25	4.79279541449026e-15	3.14342613743916e-16	1.7002980901912068e-19	1.3327197134200708e-10	1.2195139336223983e-08	2.8830414954631723e-16	0.162429706443851	
182.70270041765377	1586.4792772871854	1.2109058784180835e-25	8.137513285966127e-11	1.5805944154333402e-09	2.045840834130894e-18	0.0004515226024817	7.969672682767944e-16	1.3629887266063351e-05	5.445035796000194e-09	5.296833958502137e-13	0.8359990447951344	9.115402557194831e-10	0.0009848606455287	2.205277673416642e-18	2.208036155495954e-05	3.095066049173854e-08	4.239892332877148e-05	8.747829034470543e-20	1.370546979029142e-13	5.2343564245473136e-05	1.6984943467410743e-14	1.0352403986894291e-24	5.8192748888299184e-15	4.482258678988136e-16	2.4183158287754467e-19	1.6490664827773195e-10	1.3320225317285296e-08	3.0962250270781844e-16	0.1624308419455295	
216.55612406317542	1626.1219828276403	4.6657477457087745e-25	1.2120887379541954e-10	1.9755207299950547e-09	5.596596788115904e-18	0.0004504878042227	1.5693310066487645e-15	1.4642086394967992e-05	5.534760472448605e-09	7.736293404185663e-13	0.8359981465518647	1.151223156681326e-09	0.0009838469015229	4.2756444594209015e-18	2.207698919121176e-05	3.776468947845408e-08	4.156735307509912e-05	1.5951082764564717e-19	2.56000806243426e-13	5.399946353642353e-05	2.8319625282715743e-14	2.4672618045876992e-24	8.897282103851574e-15	9.605871419432585e-16	5.1401773013837475e-19	2.5672840821272274e-10	1.66601524176209e-08	3.987949157366376e-16	0.1624306777416147	
256.68233015746944	1671.2376233637683	2.0794055888142567e-24	1.909592241643922e-10	2.540621253814955e-09	1.6912453147957737e-17	0.0004488766046842	3.3077532124508117e-15	1.621875436369757e-05	5.776150230083945e-09	1.1944214108032802e-12	0.8359979066781154	1.4987092287959923e-09	0.0009822658734181	8.738669920866916e-18	2.2072203091055083e-05	4.715406135414871e-08	4.1150559338961504e-05	3.0797295394552484e-19	5.003279735153653e-13	5.4822755048593e-05	4.9277871656137245e-14	6.314885362999247e-24	1.4100651475918931e-14	2.21857057469298e-15	1.1761076095983606e-18	4.1682245113359837e-10	2.1357739054051612e-08	5.311019754663462e-16	0.1624301364313437	
304.2436176769003	1716.2955543254234	8.312442407302622e-24	2.8815090430766087e-10	3.1935318415089513e-09	4.748449347227477e-17	0.000447514026763	6.503671549523584e-15	1.75394620841926e-05	5.9089132387116165e-09	1.7677134549387896e-12	0.8359969744366628	1.906435127102608e-09	0.0009809406962478	1.7202077383246835e-17	2.2066576081474707e-05	5.676828766158726e-08	4.091413130629756e-05	5.7422666900897545e-19	9.29076361735103e-13	5.5284908422795694e-05	8.163597928742921e-14	1.508098846793981e-23	2.1372499940046312e-14	4.85681886927981e-15	2.552451190558355e-18	6.565172757868723e-10	2.6889447241186352e-08	6.906576875398202e-16	0.1624295665064855	
360.61765077612336	1769.5700394458686	4.1204908553489283e-23	4.72151312558886e-10	4.18442618770225e-09	1.5448221813444426e-16	0.0004451491028309	1.4476031116589802e-14	1.9836023890417027e-05	6.280113723563299e-09	2.839236942247974e-12	0.8359957773303782	2.5350433763922606e-09	0.0009786359083196	3.66068088416048e-17	2.2058183500864387e-05	7.23719468978047e-08	4.0676673806235554e-05	1.1544103407576594e-18	1.889178773197868e-12	5.574231711735494e-05	1.4749529840931425e-13	4.097665306552966e-23	3.498021359603986e-14	1.1878862673386274e-14	6.1774164729686376e-18	1.100368889858327e-09	3.511413689140207e-08	9.433987171697246e-16	0.1624285370238208	
427.4373643209664	1840.1058102410125	3.3086473842501984e-22	9.294948170809647e-10	6.008242478053946e-09	6.994397900166664e-16	0.000440059134609	4.266899660933079e-14	2.478900580207121e-05	7.261234258477093e-09	5.4804579130212e-12	0.8359939927702893	3.7206863943953133e-09	0.0009736648364265	9.270168806891516e-17	2.204315434528483e-05	1.0513333888481795e-07	4.036954427214005e-05	2.7495338537367975e-18	4.722886858200454e-12	5.631975937780721e-05	3.2446303834423813e-13	1.4898183830171628e-22	6.820973638884816e-14	3.7251108793617896e-14	1.9079447998142616e-17	2.1198117539396128e-09	4.978399656112149e-08	1.4373754213776733e-15	0.1624262980505431	
506.63826361366387	1921.3355267574264	3.066930183631592e-21	1.922800429230417e-09	8.807605742996653e-09	3.5018070366908525e-15	0.000432834120777	1.3678049861766806e-13	3.178137740430652e-05	8.569565991253373e-09	1.1153310510438536e-11	0.83598841465327	5.604938451515031e-09	0.000966644139886	2.4772912496738696e-16	2.2019949284414747e-05	1.584243019778255e-07	4.003415702887412e-05	6.9125876008028625e-18	1.260491926373446e-11	5.693022528006114e-05	7.588353871120455e-13	5.931447994788216e-22	1.4050198379601017e-13	1.2637146691461116e-13	6.356987955742661e-17	4.264024887833778e-09	7.241816385373454e-08	2.262458265946338e-15	0.1624228167314518	
600.514488398175	2008.273468172326	2.6610910264843023e-20	3.852125278710104e-09	1.2637787846506737e-08	1.6806631493978262e-14	0.0004242959277048	4.234119984085298e-13	3.996126167891042e-05	9.935906622369464e-09	2.2071881254306735e-11	0.8359745866516807	8.291650526805051e-09	0.0009584252090289	6.484083921790212e-16	2.198723775810392e-05	2.3450096207488257e-07	3.960428342897735e-05	1.7034261484494352e-17	3.298151384592405e-11	5.770277154406672e-05	1.7394130012776062e-12	2.2897039692936854e-21	2.8445633193029333e-13	4.170637958536861e-13	2.05811893201136e-16	8.436542850529776e-09	1.0432335524701297e-07	3.5088992983955922e-15	0.1624181011477748	
711.7852651001311	2098.4294064593355	1.9948032310107288e-19	7.254105924020321e-09	1.749685713738041e-08	7.317930559476275e-14	0.0004152435917228	1.2121101552787145e-12	4.8495265918252406e-05	1.1171240448183441e-08	4.1192870430319787e-11	0.8359470676641735	1.1857023542212973e-08	0.0009498397829042	1.6154918635612057e-15	2.194370671947069e-05	3.348855964708751e-07	3.89810897417597e-05	3.9919402168895615e-17	8.200140036257438e-11	5.883177467969986e-05	3.794948867525143e-12	8.194571752358203e-21	5.514428374094763e-13	1.2846490184656082e-12	6.21880771046867e-16	1.6043780634329525e-08	1.467652182809944e-07	5.267416613596088e-15	0.1624120782218671	
843.6736721624842	2190.4656270208725	1.2610328269908738e-18	1.2745179178904241e-08	2.3319356383673645e-08	2.841623424130569e-13	0.000406423590831	3.166467665894737e-12	5.660170772809375e-05	1.2153844111001313e-08	7.186019340814535e-11	0.8358997514252727	1.6332100924859005e-08	0.0009416664792432	3.798304764104575e-15	2.188833104084984e-05	4.591198385213053e-07	3.812762673064062e-05	8.806941893988025e-17	1.9166833503999328e-10	6.038908191062759e-05	7.805652493699462e-12	2.6802863769114188e-20	1.0144737144714926e-12	3.643653654251083e-12	1.7318223192908085e-15	2.9114083302895797e-08	2.0069454531381922e-07	7.614900398407758e-15	0.1624045662781677	
1000.0	2286.5425101214573	7.157690151614139e-18	2.140434808201539e-08	3.0290508589722064e-08	1.0271099237266904e-12	0.000397649393845	7.804251280540773e-12	6.439203395168061e-05	1.2942664730516709e-08	1.2000388346625847e-10	0.8358236375610648	2.195638459804512e-08	0.0009337841164317	8.621094296266786e-15	2.1817452086211275e-05	6.127351740224464e-07	3.711253210881684e-05	1.8714540147927863e-16	4.311288083917692e-10	6.222698976842574e-05	1.5477034277062102e-11	8.293894728982784e-20	1.805379761503204e-12	9.826268726957737e-12	4.588015383249318e-15	5.1334195318394134e-08	2.6955695826485425e-07	1.0753513914121118e-14	0.1623946793978642	
