#            P[bar]       dens[g/cm^3]                 xn                   TiO2                     VO                  Al2O3                   SiO2            Mg1.2SiO3.2                    H2O                     Fe                    FeS                      C                    SiC                    MgO          r[micron]               T[K]              Jstar
     1.0000000E+003     1.5713266E-002     0.0000000E+000         1.0000000E-200         1.0000000E-200         1.0000000E-200         0.0000000E+000         1.6707975E-200         0.0000000E+000         1.0000000E-200         0.0000000E+000         0.0000000E+000         0.0000000E+000         3.2920247E-201     1.0000000E-007     1.7862732E+003     2.6491813E-013
     9.0851758E+002     1.4275684E-002     6.9496510E-026         5.4568095E-007         4.3678681E-008         1.1014811E-005         0.0000000E+000         2.4903631E-004         0.0000000E+000         1.3537162E-004         0.0000000E+000         0.0000000E+000         0.0000000E+000         2.3023070E-005     1.2860946E+000     1.7862649E+003     3.3975145E-013
     8.2540419E+002     1.2969624E-002     9.3513470E-026         6.0006043E-007         4.8031451E-008         1.2112485E-005         0.0000000E+000         2.7385386E-004         0.0000000E+000         1.4886173E-004         0.0000000E+000         0.0000000E+000         0.0000000E+000         2.5317414E-005     1.2032940E+000     1.7862566E+003     4.3496765E-013
     7.4989421E+002     1.1783053E-002     1.3004047E-025         6.1228585E-007         4.9010028E-008         1.2359261E-005         0.0000000E+000         2.7943327E-004         0.0000000E+000         1.5189422E-004         0.0000000E+000         0.0000000E+000         0.0000000E+000         2.5833217E-005     1.0857041E+000     1.7862484E+003     5.5590250E-013
     6.8129207E+002     1.0705040E-002     1.8535549E-025         6.1220500E-007         4.9003556E-008         1.2357629E-005         0.0000000E+000         2.7939637E-004         0.0000000E+000         1.5187372E-004         0.0000000E+000         0.0000000E+000         0.0000000E+000         2.5829799E-005     9.6543966E-001     1.7862401E+003     7.0922870E-013
     6.1896582E+002     9.7256530E-003     2.6864606E-025         6.0579029E-007         4.8490095E-008         1.2228145E-005         0.0000000E+000         2.7646885E-004         0.0000000E+000         1.5028193E-004         0.0000000E+000         0.0000000E+000         0.0000000E+000         2.5559146E-005     8.5161979E-001     1.7862318E+003     9.0327501E-013
     5.6234133E+002     8.8358682E-003     3.9552297E-025         5.9321788E-007         4.7483744E-008         1.1974365E-005         0.0000000E+000         2.7073109E-004         0.0000000E+000         1.4716260E-004         0.0000000E+000         0.0000000E+000         0.0000000E+000         2.5028692E-005     7.4571464E-001     1.7862235E+003     1.1484173E-012
     5.1089698E+002     8.0274885E-003     5.9213976E-025         5.7380839E-007         4.5930124E-008         1.1582576E-005         0.0000000E+000         2.6187304E-004         0.0000000E+000         1.4234729E-004         0.0000000E+000         0.0000000E+000         0.0000000E+000         2.4209774E-005     6.4787573E-001     1.7862152E+003     1.4575566E-012
     4.6415888E+002     7.2930662E-003     9.0195567E-025         5.4687118E-007         4.3773953E-008         1.1038837E-005         0.0000000E+000         2.4957952E-004         0.0000000E+000         1.3566482E-004         0.0000000E+000         0.0000000E+000         0.0000000E+000         2.3073255E-005     5.5827530E-001     1.7862070E+003     1.8467035E-012
     4.2169650E+002     6.6258350E-003     1.3963966E-024         5.1189784E-007         4.0974533E-008         1.0332884E-005         0.0000000E+000         2.3361848E-004         0.0000000E+000         1.2698928E-004         0.0000000E+000         0.0000000E+000         0.0000000E+000         2.1597688E-005     4.7724013E-001     1.7861987E+003     2.3356886E-012
     3.8311868E+002     6.0196477E-003     2.1897509E-024         4.6883648E-007         3.7527714E-008         9.4636715E-006         0.0000000E+000         2.1396625E-004         0.0000000E+000         1.1630808E-004         0.0000000E+000         0.0000000E+000         0.0000000E+000         1.9780888E-005     4.0521786E-001     1.7861904E+003     2.9490268E-012
     3.4807006E+002     5.4688626E-003     4.8352591E-024         3.5901860E-007         2.8737412E-008         7.2469485E-006         0.0000000E+000         1.6384785E-004         0.0000000E+000         8.9070053E-005         0.0000000E+000         0.0000000E+000         0.0000000E+000         1.5147596E-005     2.9636585E-001     1.7861872E+003     3.7156871E-012
     3.1622777E+002     4.9684732E-003     1.2046192E-023         2.4979393E-007         1.9994592E-008         5.0421996E-006         0.0000000E+000         1.1400017E-004         0.0000000E+000         6.1982018E-005         0.0000000E+000         0.0000000E+000         0.0000000E+000         1.0539376E-005     2.0599090E-001     1.7861840E+003     4.6735358E-012
     2.8729848E+002     4.5138684E-003     3.1287109E-023         1.5888126E-007         1.2717545E-008         3.2070865E-006         0.0000000E+000         7.2509670E-005         0.0000000E+000         3.9436107E-005         0.0000000E+000         0.0000000E+000         0.0000000E+000         6.7037543E-006     1.3878545E-001     1.7861808E+003     5.8681070E-012
     2.6101572E+002     4.1008589E-003     7.9998079E-023         9.6783806E-008         7.7469935E-009         1.9536217E-006         0.0000000E+000         4.4169796E-005         0.0000000E+000         2.4034388E-005         0.0000000E+000         0.0000000E+000         0.0000000E+000         4.0838237E-006     9.2599436E-002     1.7861776E+003     7.3552340E-012
     2.3713737E+002     3.7256390E-003     1.9389991E-022         6.0829872E-008         4.8690843E-009         1.2278758E-006         0.0000000E+000         2.7761249E-005         0.0000000E+000         1.5113678E-005         0.0000000E+000         0.0000000E+000         0.0000000E+000         2.5668548E-006     6.2621607E-002     1.7861745E+003     9.2032448E-012
     2.1544347E+002     3.3847508E-003     4.3787655E-022         4.1152972E-008         3.2940601E-009         8.3068917E-007         0.0000000E+000         1.8781180E-005         0.0000000E+000         1.0228581E-005         0.0000000E+000         0.0000000E+000         0.0000000E+000         1.7366012E-006     4.3562573E-002     1.7861713E+003     1.1495596E-011
     1.9573418E+002     3.0750533E-003     9.1936985E-022         2.9945194E-008         2.3969414E-009         6.0445560E-007         0.0000000E+000         1.3666227E-005         0.0000000E+000         7.4440005E-006         0.0000000E+000         0.0000000E+000         0.0000000E+000         1.2636645E-006     3.1304617E-002     1.7861681E+003     1.4334020E-011
     1.7782794E+002     2.7936924E-003     1.8059884E-021         2.3075404E-008         1.8470541E-009         4.6578622E-007         0.0000000E+000         1.0531032E-005         0.0000000E+000         5.7357459E-006         0.0000000E+000         0.0000000E+000         0.0000000E+000         9.7375630E-007     2.3197882E-002     1.7861649E+003     1.7842287E-011
     1.6155981E+002     2.5380754E-003     3.3499866E-021         1.8563526E-008         1.4859044E-009         3.7471233E-007         0.0000000E+000         8.4719333E-006         0.0000000E+000         4.6126171E-006         0.0000000E+000         0.0000000E+000         0.0000000E+000         7.8333448E-007     1.7656235E-002     1.7861617E+003     2.2170683E-011
     1.4677993E+002     2.3058468E-003     5.9219905E-021         1.5427654E-008         1.2348961E-009         3.1141370E-007         0.0000000E+000         7.0408118E-006         0.0000000E+000         3.8308530E-006         0.0000000E+000         0.0000000E+000         0.0000000E+000         6.5096826E-007     1.3742887E-002     1.7861585E+003     2.7501327E-011
     1.3335214E+002     2.0948295E-003     1.0072412E-020         1.3140436E-008         1.0518179E-009         2.6524558E-007         0.0000000E+000         5.9969984E-006         0.0000000E+000         3.2594262E-006         0.0000000E+000         0.0000000E+000         0.0000000E+000         5.5440477E-007     1.0889643E-002     1.7861573E+003     3.4053795E-011
     1.2115277E+002     1.9031233E-003     1.6559159E-020         1.1416949E-008         9.1386316E-010         2.3045663E-007         0.0000000E+000         5.2104604E-006         0.0000000E+000         2.8274578E-006         0.0000000E+000         0.0000000E+000         0.0000000E+000         4.8161942E-007     8.7639304E-003     1.7861561E+003     4.2094311E-011
     1.1006942E+002     1.7289608E-003     2.6449713E-020         1.0078732E-008         8.0674726E-010         2.0344459E-007         0.0000000E+000         4.5997542E-006         0.0000000E+000         2.4904848E-006         0.0000000E+000         0.0000000E+000         0.0000000E+000         4.2507958E-007     7.1458024E-003     1.7861548E+003     5.1943033E-011
     1.0000000E+002     1.5707367E-003     4.1214323E-020         9.0136053E-009         7.2149086E-010         1.8194509E-007         0.0000000E+000         4.1136844E-006         0.0000000E+000         2.2204844E-006         0.0000000E+000         0.0000000E+000         0.0000000E+000         3.8004885E-007     5.8914710E-003     1.7861536E+003     6.3984860E-011
     9.0851758E+001     1.4269923E-003     6.2852915E-020         8.1480537E-009         6.5220948E-010         1.6447419E-007         0.0000000E+000         3.7187016E-006         0.0000000E+000         1.9990159E-006         0.0000000E+000         0.0000000E+000         0.0000000E+000         3.4342175E-007     4.9039977E-003     1.7861524E+003     7.8681596E-011
     8.2540419E+001     1.2964025E-003     9.4055449E-020         7.4321688E-009         5.9490830E-010         1.5002450E-007         0.0000000E+000         3.3920299E-006         0.0000000E+000         1.8134807E-006         0.0000000E+000         0.0000000E+000         0.0000000E+000         3.1308831E-007     4.1162145E-003     1.7861512E+003     9.6586207E-011
     7.4989421E+001     1.1777635E-003     1.3840300E-019         6.8310332E-009         5.4679242E-010         1.3789124E-007         0.0000000E+000         3.1177357E-006         0.0000000E+000         1.6549826E-006         0.0000000E+000         0.0000000E+000         0.0000000E+000         2.8757026E-007     3.4804525E-003     1.7861499E+003     1.1835949E-010
     6.8129207E+001     1.0699816E-003     2.0061799E-019         6.3195764E-009         5.0585516E-010         1.2756837E-007         0.0000000E+000         2.8843791E-006         0.0000000E+000         1.5170534E-006         0.0000000E+000         0.0000000E+000         0.0000000E+000         2.6580385E-007     2.9621670E-003     1.7861487E+003     1.4478950E-010
     6.1896582E+001     9.7206331E-004     2.8687324E-019         5.8793880E-009         4.7062295E-010         1.1868431E-007         0.0000000E+000         2.6835606E-006         0.0000000E+000         1.3948681E-006         0.0000000E+000         0.0000000E+000         0.0000000E+000         2.4700515E-007     2.5358613E-003     1.7861475E+003     1.7681417E-010
     5.6234133E+001     8.8310590E-004     4.0517088E-019         5.4966799E-009         4.3999222E-010         1.1096081E-007         0.0000000E+000         2.5089903E-006         0.0000000E+000         1.2847497E-006         0.0000000E+000         0.0000000E+000         0.0000000E+000         2.3058373E-007     2.1824113E-003     1.7861462E+003     2.1554755E-010
     5.1089698E+001     8.0229265E-004     5.6645003E-019         5.1598347E-009         4.1303317E-010         1.0416342E-007         0.0000000E+000         2.3553699E-006         0.0000000E+000         1.1835633E-006         0.0000000E+000         0.0000000E+000         0.0000000E+000         2.1603858E-007     1.8863362E-003     1.7861458E+003     2.6231060E-010
     4.6415888E+001     7.2887465E-004     7.8360309E-019         4.8621716E-009         3.8921119E-010         9.8157368E-008         0.0000000E+000         2.2196546E-006         0.0000000E+000         1.0894558E-006         0.0000000E+000         0.0000000E+000         0.0000000E+000         2.0307503E-007     1.6376768E-003     1.7861453E+003     3.1866519E-010
     4.2169650E+001     6.6217515E-004     1.0734726E-018         4.5972231E-009         3.6800875E-010         9.2812195E-008         0.0000000E+000         2.0988980E-006         0.0000000E+000         1.0006971E-006         0.0000000E+000         0.0000000E+000         0.0000000E+000         1.9140444E-007     1.4275841E-003     1.7861448E+003     3.8645544E-010
     3.8311868E+001     6.0157933E-004     1.4572799E-018         4.3598569E-009         3.4901525E-010         8.8024421E-008         0.0000000E+000         1.9907641E-006         0.0000000E+000         9.1600180E-007         0.0000000E+000         0.0000000E+000         0.0000000E+000         1.8079111E-007     1.2491141E-003     1.7861443E+003     4.6785388E-010
     3.4807006E+001     5.4652866E-004     1.9615864E-018         4.1459499E-009         3.3190091E-010         8.3710961E-008         0.0000000E+000         1.8933791E-006         0.0000000E+000         8.3448785E-007         0.0000000E+000         0.0000000E+000         0.0000000E+000         1.7103774E-007     1.0967604E-003     1.7861439E+003     5.6541466E-010
     3.1622777E+001     4.9651568E-004     2.6194241E-018         3.9521505E-009         3.1639777E-010         7.9804337E-008         0.0000000E+000         1.8052229E-006         0.0000000E+000         7.5565180E-007         0.0000000E+000         0.0000000E+000         0.0000000E+000         1.6197457E-007     9.6611772E-004     1.7861434E+003     6.8213433E-010
     2.8729848E+001     4.5107941E-004     3.4716153E-018         3.7757034E-009         3.0228565E-010         7.6249146E-008         0.0000000E+000         1.7250497E-006         0.0000000E+000         6.7934581E-007         0.0000000E+000         0.0000000E+000         0.0000000E+000         1.5345103E-007     8.5363279E-004     1.7861429E+003     8.2152119E-010
     2.6101572E+001     4.0980102E-004     4.5683036E-018         3.6143168E-009         2.8938156E-010         7.2999384E-008         0.0000000E+000         1.6518278E-006         0.0000000E+000         6.0574058E-007         0.0000000E+000         0.0000000E+000         0.0000000E+000         1.4532912E-007     7.5641842E-004     1.7861425E+003     9.8767406E-010
     2.3713737E+001     3.7230002E-004     5.9707200E-018         3.4660608E-009         2.7753160E-010         7.0016413E-008         0.0000000E+000         1.5846939E-006         0.0000000E+000         5.3526402E-007         0.0000000E+000         0.0000000E+000         0.0000000E+000         1.3747816E-007     6.7211184E-004     1.7861420E+003     1.1853717E-009
     2.1544347E+001     3.3823075E-004     7.7532064E-018         3.3292894E-009         2.6660467E-010         6.7267386E-008         0.0000000E+000         1.5229176E-006         0.0000000E+000         4.6851249E-007         0.0000000E+000         0.0000000E+000         0.0000000E+000         1.2977061E-007     5.9876607E-004     1.7861415E+003     1.4201737E-009
     1.9573418E+001     3.0728457E-004     1.0014296E-017         3.2021557E-009         2.5645376E-010         6.4715490E-008         0.0000000E+000         1.4656818E-006         0.0000000E+000         4.0602941E-007         0.0000000E+000         0.0000000E+000         0.0000000E+000         1.2205854E-007     5.3456243E-004     1.7861413E+003     1.6985602E-009
     1.7782794E+001     2.7916978E-004     1.2856769E-017         3.0839279E-009         2.4702124E-010         6.2346487E-008         0.0000000E+000         1.4126823E-006         0.0000000E+000         3.4855498E-007         0.0000000E+000         0.0000000E+000         0.0000000E+000         1.1423444E-007     4.7841549E-004     1.7861411E+003     2.0279930E-009
     1.6155981E+001     2.5362734E-004     1.6410778E-017         2.9734765E-009         2.3821782E-010         6.0138214E-008         0.0000000E+000         1.3634390E-006         0.0000000E+000         2.9653948E-007         0.0000000E+000         0.0000000E+000         0.0000000E+000         1.0616328E-007     4.2917331E-004     1.7861410E+003     2.4171186E-009
     1.4677993E+001     2.3042188E-004     2.0831177E-017         2.8697849E-009         2.2996342E-010         5.8070888E-008         0.0000000E+000         1.3175294E-006         0.0000000E+000         2.5022616E-007         0.0000000E+000         0.0000000E+000         0.0000000E+000         9.7706788E-008     3.8586725E-004     1.7861408E+003     2.8759113E-009
     1.3335214E+001     2.0933959E-004     2.6301353E-017         2.7719251E-009         2.2218523E-010         5.6126627E-008         0.0000000E+000         1.2745780E-006         0.0000000E+000         2.0962841E-007         0.0000000E+000         0.0000000E+000         0.0000000E+000         8.8724978E-008     3.4767792E-004     1.7861406E+003     3.4158520E-009
     1.2115277E+001     1.9018621E-004     3.3037531E-017         2.6790402E-009         2.1481635E-010         5.4289094E-008         0.0000000E+000         1.2342489E-006         0.0000000E+000         1.7454638E-007         0.0000000E+000         0.0000000E+000         0.0000000E+000         7.9079255E-008     3.1390924E-004     1.7861404E+003     4.0501267E-009
     1.1006942E+001     1.7278526E-004     4.1293604E-017         2.5903304E-009         2.0779463E-010         5.2543227E-008         0.0000000E+000         1.1962399E-006         0.0000000E+000         1.4461079E-007         0.0000000E+000         0.0000000E+000         0.0000000E+000         6.8637325E-008     2.8396809E-004     1.7861402E+003     4.7938473E-009
     1.0000000E+001     1.5697639E-004     5.1366554E-017         2.5050426E-009         2.0106182E-010         5.0875020E-008         0.0000000E+000         1.1602783E-006         0.0000000E+000         1.1933929E-007         0.0000000E+000         0.0000000E+000         0.0000000E+000         5.7279958E-008     2.5734802E-004     1.7861400E+003     5.6642942E-009
     9.0851758E+000     1.4261395E-004     6.3602552E-017         2.4224615E-009         1.9456291E-010         4.9271345E-008         0.0000000E+000         1.1261173E-006         0.0000000E+000         9.8192170E-008         0.0000000E+000         0.0000000E+000         0.0000000E+000         4.4909532E-008     2.3361605E-004     1.7861399E+003     6.6811837E-009
     8.2540419E+000     1.2956558E-004     7.8403832E-017         2.3419027E-009         1.8824546E-010         4.7719798E-008         0.0000000E+000         1.0935331E-006         0.0000000E+000         8.0619090E-008         0.0000000E+000         0.0000000E+000         0.0000000E+000         3.1460126E-008     2.1240162E-004     1.7861397E+003     7.8669620E-009
     7.4989421E+000     1.1771196E-004     9.6301622E-017         2.2624754E-009         1.8204077E-010         4.6203967E-008         0.0000000E+000         1.0622216E-006         0.0000000E+000         6.6073066E-008         0.0000000E+000         0.0000000E+000         0.0000000E+000         1.6888813E-008     1.9332978E-004     1.7861396E+003     9.2471726E-009
     6.8129207E+000     1.0694280E-004     1.1779029E-016         2.1838033E-009         1.7592103E-010         4.4717722E-008         0.0000000E+000         1.0321142E-006         0.0000000E+000         5.4099535E-008         0.0000000E+000         0.0000000E+000         0.0000000E+000         1.2447389E-009     1.7620104E-004     1.7861395E+003     1.0850678E-008
     6.1896582E+000     9.7158874E-005     1.4349786E-016         2.1052578E-009         1.6983823E-010         4.3249872E-008         2.2925539E-008         9.6473415E-007         0.0000000E+000         4.4269061E-008         0.0000000E+000         0.0000000E+000         0.0000000E+000         0.0000000E+000     1.6077784E-004     1.7861395E+003     1.2710155E-008
     5.6234133E+000     8.8270059E-005     1.7414817E-016         2.0262300E-009         1.6374552E-010         4.1789479E-008         4.8919748E-008         8.9309864E-007         0.0000000E+000         3.6211681E-008         0.0000000E+000         0.0000000E+000         0.0000000E+000         0.0000000E+000     1.4685749E-004     1.7861394E+003     1.4862463E-008
     5.1089698E+000     8.0194458E-005     2.1057455E-016         1.9461343E-009         1.5759731E-010         4.0325793E-008         7.5770458E-008         8.2075465E-007         0.0000000E+000         2.9614206E-008         0.0000000E+000         0.0000000E+000         0.0000000E+000         0.0000000E+000     1.3426667E-004     1.7861393E+003     1.7349093E-008
     4.6415888E+000     7.2857673E-005     2.5373535E-016         1.8644191E-009         1.5134963E-010         3.8848242E-008         1.0301730E-007         7.4833007E-007         0.0000000E+000         2.4214976E-008         0.0000000E+000         0.0000000E+000         0.0000000E+000         0.0000000E+000     1.2285695E-004     1.7861393E+003     2.0216630E-008
     4.2169650E+000     6.6192112E-005     3.0473215E-016         1.7805844E-009         1.4496108E-010         3.7346519E-008         1.3011376E-007         6.7660194E-007         0.0000000E+000         1.9797426E-008         0.0000000E+000         0.0000000E+000         0.0000000E+000         0.0000000E+000     1.1250096E-004     1.7861392E+003     2.3517263E-008
     3.8311868E+000     6.0136366E-005     3.6483077E-016         1.6942075E-009         1.3839437E-010         3.5810785E-008         1.5645672E-007         6.0644455E-007         0.0000000E+000         1.6183393E-008         0.0000000E+000         0.0000000E+000         0.0000000E+000         0.0000000E+000     1.0308885E-004     1.7861391E+003     2.7309315E-008
     3.4807006E+000     5.4634644E-005     4.3548588E-016         1.6049770E-009         1.3161840E-010         3.4231981E-008         1.8142624E-007         5.3876071E-007         0.0000000E+000         1.3226751E-008         0.0000000E+000         0.0000000E+000         0.0000000E+000         0.0000000E+000     9.4525156E-005     1.7861390E+003     3.1657809E-008
     3.1622777E+000     4.9636261E-005     5.1836975E-016         1.5127280E-009         1.2461069E-010         3.2602242E-008         2.0443064E-007         4.7440415E-007         0.0000000E+000         1.0807744E-008         0.0000000E+000         0.0000000E+000         0.0000000E+000         0.0000000E+000     8.6725943E-005     1.7861390E+003     3.6635060E-008
     2.8729848E+000     4.5095166E-005     6.1574978E-016         1.4172955E-009         1.1734561E-010         3.0911822E-008         2.2495350E-007         4.1402480E-007         0.0000000E+000         8.8259663E-009         0.0000000E+000         0.0000000E+000         0.0000000E+000         0.0000000E+000     7.9596445E-005     1.7861389E+003     4.2321200E-008
     2.6101572E+000     4.0969524E-005     7.2959139E-016         1.3190969E-009         1.0984076E-010         2.9160544E-008         2.4256591E-007         3.5827444E-007         0.0000000E+000         7.2040478E-009         0.0000000E+000         0.0000000E+000         0.0000000E+000         0.0000000E+000     7.3093030E-005     1.7861389E+003     4.8805082E-008
     2.3713737E+000     3.7221327E-005     8.6248145E-016         1.2185578E-009         1.0211233E-010         2.7346796E-008         2.5697293E-007         3.0748639E-007         0.0000000E+000         5.8755174E-009         0.0000000E+000         0.0000000E+000         0.0000000E+000         0.0000000E+000     6.7151546E-005     1.7861389E+003     5.6184709E-008
     2.1544347E+000     3.3816042E-005     1.0174058E-015         1.1162976E-009         9.4190910E-011         2.5471688E-008         2.6799850E-007         2.6177777E-007         0.0000000E+000         4.7859015E-009         0.0000000E+000         0.0000000E+000         0.0000000E+000         0.0000000E+000     6.1712532E-005     1.7861389E+003     6.4567986E-008
     1.9573418E+000     3.0722299E-005     1.1978103E-015         1.0130930E-009         8.6120203E-011         2.3539061E-008         2.7556625E-007         2.2107237E-007         0.0000000E+000         3.8906377E-009         0.0000000E+000         0.0000000E+000         0.0000000E+000         0.0000000E+000     5.6720376E-005     1.7861388E+003     7.4073414E-008
     1.7782794E+000     2.7911594E-005     1.4076689E-015         9.0983666E-010         7.7955202E-011         2.1555491E-008         2.7966610E-007         1.8514428E-007         0.0000000E+000         3.1534498E-009         0.0000000E+000         0.0000000E+000         0.0000000E+000         0.0000000E+000     5.2122999E-005     1.7861388E+003     8.4830788E-008
     1.6155981E+000     2.5358033E-005     1.6515558E-015         8.0750229E-010         6.9760938E-011         1.9530455E-008         2.8031442E-007         1.5367015E-007         0.0000000E+000         2.5450203E-009         0.0000000E+000         0.0000000E+000         0.0000000E+000         0.0000000E+000     4.7871839E-005     1.7861388E+003     9.6981893E-008
     1.4677993E+000     2.3038091E-005     1.9347223E-015         7.0712821E-010         6.1612435E-011         1.7476879E-008         2.7751511E-007         1.2627952E-007         0.0000000E+000         2.0418639E-009         0.0000000E+000         0.0000000E+000         0.0000000E+000         0.0000000E+000     4.3921975E-005     1.7861388E+003     1.1068119E-007
     1.3335214E+000     2.0930395E-005     2.2631729E-015         6.0980904E-010         5.3595248E-011         1.5411924E-008         2.7122924E-007         1.0259300E-007         0.0000000E+000         1.6252946E-009         0.0000000E+000         0.0000000E+000         0.0000000E+000         0.0000000E+000     4.0232022E-005     1.7861387E+003     1.2609650E-007
     1.2115277E+000     1.9015527E-005     2.6437428E-015         5.1665897E-010         4.5803450E-011         1.3357220E-008         2.6135600E-007         8.2240696E-008         0.0000000E+000         1.2803963E-009         0.0000000E+000         0.0000000E+000         0.0000000E+000         0.0000000E+000     3.6763140E-005     1.7861387E+003     1.4340960E-007
     1.1006942E+000     1.7275796E-005     3.0857357E-015         4.2864875E-010         3.8326171E-011         1.1335860E-008         2.4769081E-007         6.4851791E-008         0.0000000E+000         9.9486275E-010         0.0000000E+000         0.0000000E+000         0.0000000E+000         0.0000000E+000     3.3469269E-005     1.7861387E+003     1.6281605E-007
     1.0000000E+000     1.5695233E-005     3.5968172E-015         3.4661827E-010         3.1248373E-011         9.3730989E-009         2.2995830E-007         5.0075017E-008         0.0000000E+000         7.5861402E-010         0.0000000E+000         0.0000000E+000         0.0000000E+000         0.0000000E+000     3.0314239E-005     1.7861387E+003     1.8452797E-007
     9.0851758E-001     1.4259276E-005     4.1872049E-015         2.7103161E-010         2.4627356E-011         7.4892836E-009         2.0766662E-007         3.7557935E-008         0.0000000E+000         5.6296833E-010         0.0000000E+000         0.0000000E+000         0.0000000E+000         0.0000000E+000     2.7241721E-005     1.7861387E+003     2.0877246E-007
     8.2540419E-001     1.2954694E-005     4.8687879E-015         2.0225037E-010         1.8514387E-011         5.7053340E-009         1.8011437E-007         2.7001604E-008         0.0000000E+000         4.0110372E-010         0.0000000E+000         0.0000000E+000         0.0000000E+000         0.0000000E+000     2.4179622E-005     1.7861387E+003     2.3579264E-007
     7.4989421E-001     1.1769469E-005     5.6558118E-015         1.4109321E-010         1.3004191E-011         4.0573792E-009         1.4673023E-007         1.8231010E-008         0.0000000E+000         2.6878122E-010         0.0000000E+000         0.0000000E+000         0.0000000E+000         0.0000000E+000     2.1044547E-005     1.7861386E+003     2.6584794E-007
     6.8129207E-001     1.0692680E-005     6.5656973E-015         8.9651246E-011         8.3116969E-012         2.6218088E-009         1.0851190E-007         1.1273316E-008         0.0000000E+000         1.6520228E-010         0.0000000E+000         0.0000000E+000         0.0000000E+000         0.0000000E+000     1.7782747E-005     1.7861386E+003     2.9921431E-007
     6.1896582E-001     9.7144068E-006     7.6196090E-015         5.0878647E-011         4.7384505E-012         1.5075104E-009         7.0242335E-008         6.2691908E-009         0.0000000E+000         9.1469127E-011         0.0000000E+000         0.0000000E+000         0.0000000E+000         0.0000000E+000     1.4457126E-005     1.7861386E+003     3.3618431E-007
     5.6234133E-001     8.8256356E-006     8.8423563E-015         2.5868337E-011         2.4163332E-012         7.7310367E-010         3.9269952E-008         3.1462475E-009         0.0000000E+000         4.5778620E-011         0.0000000E+000         0.0000000E+000         0.0000000E+000         0.0000000E+000     1.1288362E-005     1.7861386E+003     3.7706701E-007
     5.1089698E-001     8.0181780E-006     1.0261803E-014         1.2094921E-011         1.1316366E-012         3.6321427E-010         1.9425649E-008         1.4605812E-009         0.0000000E+000         2.1220165E-011         0.0000000E+000         0.0000000E+000         0.0000000E+000         0.0000000E+000     8.5322842E-006     1.7861386E+003     4.2218777E-007
     4.6415888E-001     7.2845948E-006     1.1908654E-014         5.3694473E-012         5.0278813E-013         1.6162882E-010         8.8753179E-009         6.4615821E-010         0.0000000E+000         9.3809838E-012         0.0000000E+000         0.0000000E+000         0.0000000E+000         0.0000000E+000     6.3169556E-006     1.7861386E+003     4.7188783E-007
     4.2169650E-001     6.6181154E-006     1.3821192E-014         2.7024270E-012         2.5313306E-013         8.1423932E-011         4.5189991E-009         3.2475665E-010         0.0000000E+000         4.7133288E-012         0.0000000E+000         0.0000000E+000         0.0000000E+000         0.0000000E+000     4.8656428E-006     1.7861328E+003     5.2652152E-007
     3.8311868E-001     6.0126133E-006     1.6029007E-014         1.4037576E-012         1.3150888E-013         4.2314561E-011         2.3607609E-009         1.6857679E-010         0.0000000E+000         2.4461952E-012         0.0000000E+000         0.0000000E+000         0.0000000E+000         0.0000000E+000     3.7854811E-006     1.7861270E+003     5.8646148E-007
     3.4807006E-001     5.4625095E-006     1.8576754E-014         7.2491354E-013         6.7917994E-014         2.1856901E-011         1.2227652E-009         8.7022658E-011         0.0000000E+000         1.2626354E-012         0.0000000E+000         0.0000000E+000         0.0000000E+000         0.0000000E+000     2.9390118E-006     1.7861212E+003     6.5209199E-007
     3.1622777E-001     4.9627357E-006     2.1517065E-014         3.7302709E-013         3.4950836E-014         1.1248566E-011         6.3018674E-010         4.4771368E-011         0.0000000E+000         6.4955126E-013         0.0000000E+000         0.0000000E+000         0.0000000E+000         0.0000000E+000     2.2791378E-006     1.7861155E+003     7.2380948E-007
     2.8729848E-001     4.5086869E-006     2.4910989E-014         1.9153920E-013         1.7946695E-014         5.7762057E-012         3.2384058E-010         2.2986338E-011         0.0000000E+000         3.3347110E-013         0.0000000E+000         0.0000000E+000         0.0000000E+000         0.0000000E+000     1.7662554E-006     1.7861097E+003     8.0202089E-007
     2.6101572E-001     4.0961798E-006     2.8830019E-014         9.8222369E-014         9.2032704E-015         2.9621700E-012         1.6613412E-010         1.1786761E-011         0.0000000E+000         1.7098670E-013         0.0000000E+000         0.0000000E+000         0.0000000E+000         0.0000000E+000     1.3682879E-006     1.7861039E+003     8.8714194E-007
     2.3713737E-001     3.7214137E-006     3.3358887E-014         5.0332479E-014         4.7160965E-015         1.5179430E-012         8.5149858E-011         6.0396887E-012         0.0000000E+000         8.7612068E-014         0.0000000E+000         0.0000000E+000         0.0000000E+000         0.0000000E+000     1.0597763E-006     1.7860981E+003     9.7959499E-007
     2.1544347E-001     3.3809355E-006     3.8599566E-014         2.5784992E-014         2.4160323E-015         7.7763924E-013         4.3625934E-011         3.0940023E-012         0.0000000E+000         4.4879977E-014         0.0000000E+000         0.0000000E+000         0.0000000E+000         0.0000000E+000     8.2073687E-007     1.7860923E+003     1.0798067E-006
     1.9573418E-001     3.0716082E-006     4.4677251E-014         1.3211569E-014         1.2379151E-015         3.9844440E-013         2.2353789E-011         1.5852511E-012         0.0000000E+000         2.2993932E-014         0.0000000E+000         0.0000000E+000         0.0000000E+000         0.0000000E+000     6.3557846E-007     1.7860865E+003     1.1882053E-006
     1.7782794E-001     2.7905818E-006     5.1749634E-014         6.7737420E-015         6.3469570E-016         2.0428817E-013         1.1461268E-011         8.1276258E-013         0.0000000E+000         1.1788602E-014         0.0000000E+000         0.0000000E+000         0.0000000E+000         0.0000000E+000     4.9217877E-007     1.7860807E+003     1.3052178E-006
     1.6155981E-001     2.5365523E-006     6.0047069E-014         4.1187207E-015         3.8592195E-016         1.2421601E-013         6.9532054E-012         4.9299097E-013         0.0000000E+000         7.1083322E-015         0.0000000E+000         0.0000000E+000         0.0000000E+000         0.0000000E+000     4.0155231E-007     1.7851629E+003     1.4319887E-006
     1.4677993E-001     2.3056474E-006     6.9824920E-014         2.5099390E-015         2.3518006E-016         7.5697050E-014         4.2276818E-012         2.9969602E-013         0.0000000E+000         4.2957459E-015         0.0000000E+000         0.0000000E+000         0.0000000E+000         0.0000000E+000     3.2762063E-007     1.7842455E+003     1.5683472E-006
     1.3335214E-001     2.0957620E-006     8.1486252E-014         1.5351579E-015         1.4384361E-016         4.6298756E-014         2.5799244E-012         1.8285700E-013         0.0000000E+000         2.6055340E-015         0.0000000E+000         0.0000000E+000         0.0000000E+000         0.0000000E+000     2.6730713E-007     1.7833286E+003     1.7147106E-006
     1.2115277E-001     1.9049827E-006     9.5625396E-014         9.4426550E-016         8.8477284E-017         2.8478088E-014         1.5832945E-012         1.1220000E-013         0.0000000E+000         1.5892940E-015         0.0000000E+000         0.0000000E+000         0.0000000E+000         0.0000000E+000     2.1810263E-007     1.7824121E+003     1.8714813E-006
     1.1006942E-001     1.7315702E-006     1.1267096E-013         5.8320748E-016         5.4646318E-017         1.7588963E-014         9.7567134E-013         6.9129184E-014         0.0000000E+000         9.7341438E-016         0.0000000E+000         0.0000000E+000         0.0000000E+000         0.0000000E+000     1.7796023E-007     1.7814962E+003     2.0390419E-006
     1.0000000E-001     1.5739436E-006     1.3290227E-013         3.6063946E-016         3.3791792E-017         1.0876542E-014         6.0195769E-013         4.2643281E-014         0.0000000E+000         5.9691231E-016         0.0000000E+000         0.0000000E+000         0.0000000E+000         0.0000000E+000     1.4521025E-007     1.7805807E+003     2.2177513E-006
     9.0851758E-002     1.4306659E-006     1.5638372E-013         2.2248615E-016         2.0846884E-017         6.7099781E-015         3.7051648E-013         2.6243319E-014         0.0000000E+000         3.6517492E-016         0.0000000E+000         0.0000000E+000         0.0000000E+000         0.0000000E+000     1.1849071E-007     1.7796656E+003     2.4079393E-006
     8.2540419E-002     1.3004310E-006     1.8299513E-013         1.8483692E-016         1.7319170E-017         5.5745184E-015         3.0711745E-013         2.1749150E-014         0.0000000E+000         3.0084680E-016         0.0000000E+000         0.0000000E+000         0.0000000E+000         0.0000000E+000     1.1040931E-007     1.7787511E+003     2.6099023E-006
     7.4989421E-002     1.1820514E-006     2.1258472E-013         1.7337405E-016         1.6245110E-017         5.2288154E-015         2.8741590E-013         2.0350487E-014         0.0000000E+000         2.7983208E-016         0.0000000E+000         0.0000000E+000         0.0000000E+000         0.0000000E+000     1.0785709E-007     1.7778370E+003     2.8238979E-006
     6.8129207E-002     1.0744481E-006     2.4514025E-013         1.6408302E-016         1.5374551E-017         4.9486130E-015         2.7139451E-013         1.9212807E-014         0.0000000E+000         2.6262240E-016         0.0000000E+000         0.0000000E+000         0.0000000E+000         0.0000000E+000     1.0565090E-007     1.7769233E+003     3.0501397E-006
     6.1896582E-002     9.7946457E-007     2.8004389E-013         2.0867217E-016         1.9552558E-017         6.2933961E-015         3.3998871E-013         2.4042926E-014         0.0000000E+000         3.1601526E-016         0.0000000E+000         0.0000000E+000         0.0000000E+000         0.0000000E+000     1.0663471E-007     1.7709234E+003     3.2983079E-006
     5.6234133E-002     8.9287781E-007     3.1812357E-013         2.6407841E-016         2.4744132E-017         7.9644207E-015         4.2381227E-013         2.9938321E-014         0.0000000E+000         3.7832955E-016         0.0000000E+000         0.0000000E+000         0.0000000E+000         0.0000000E+000     1.0763142E-007     1.7649437E+003     3.5604809E-006
     5.1089698E-002     8.1394550E-007     3.5997852E-013         3.3307231E-016         3.1208878E-017         1.0045248E-014         5.2649938E-013         3.7151885E-014         0.0000000E+000         4.5132346E-016         0.0000000E+000         0.0000000E+000         0.0000000E+000         0.0000000E+000     1.0863773E-007     1.7589842E+003     3.8368265E-006
     4.6415888E-002     7.4199097E-007     4.0597275E-013         4.1879533E-016         3.9241155E-017         1.2630626E-014         6.5201544E-013         4.5958716E-014         0.0000000E+000         5.3663757E-016         0.0000000E+000         0.0000000E+000         0.0000000E+000         0.0000000E+000     1.0964915E-007     1.7530448E+003     4.1274485E-006
     4.2169650E-002     6.7639739E-007     4.5616329E-013         5.5435636E-016         5.1943277E-017         1.6719106E-014         8.5000145E-013         5.9848695E-014         0.0000000E+000         6.7160782E-016         0.0000000E+000         0.0000000E+000         0.0000000E+000         0.0000000E+000     1.1168113E-007     1.7471255E+003     4.4323820E-006
     3.8311868E-002     6.1660241E-007     5.1087282E-013         7.3741118E-016         6.9095605E-017         2.2240002E-014         1.1135067E-012         7.8316038E-014         0.0000000E+000         8.4450293E-016         0.0000000E+000         0.0000000E+000         0.0000000E+000         0.0000000E+000     1.1526962E-007     1.7412261E+003     4.7515874E-006
     3.4807006E-002     5.6209344E-007     5.7029331E-013         1.0314411E-015         9.6646375E-017         3.1107901E-014         1.5337612E-012         1.0775475E-013         0.0000000E+000         1.1163943E-015         0.0000000E+000         0.0000000E+000         0.0000000E+000         0.0000000E+000     1.2282831E-007     1.7353467E+003     5.0849452E-006
     3.1622777E-002     5.1240317E-007     6.3473252E-013         1.5456976E-015         1.4483253E-016         4.6617829E-014         2.2633177E-012         1.5883387E-013         0.0000000E+000         1.5808700E-015         0.0000000E+000         0.0000000E+000         0.0000000E+000         0.0000000E+000     1.3404608E-007     1.7294871E+003     5.4322512E-006
     2.8729848E-002     4.6710564E-007     7.0468723E-013         2.2890136E-015         2.1448181E-016         6.9036260E-014         3.3003087E-012         2.3134977E-013         0.0000000E+000         2.2117442E-015         0.0000000E+000         0.0000000E+000         0.0000000E+000         0.0000000E+000     1.4581845E-007     1.7236473E+003     5.7932122E-006
     2.6101572E-002     4.2581250E-007     7.8019618E-013         3.3421264E-015         3.1315943E-016         1.0079831E-013         4.7445226E-012         3.3221625E-013         0.0000000E+000         3.0502834E-015         0.0000000E+000         0.0000000E+000         0.0000000E+000         0.0000000E+000     1.5800817E-007     1.7178273E+003     6.1674415E-006
     2.3713737E-002     3.8890558E-007     8.5790949E-013         8.9652146E-015         8.4004710E-016         2.7039079E-013         1.2422012E-011         8.6830889E-013         0.0000000E+000         7.4846757E-015         0.0000000E+000         0.0000000E+000         0.0000000E+000         0.0000000E+000     2.0690023E-007     1.7088102E+003     6.5670155E-006
     2.1544347E-002     3.5519753E-007     9.4933184E-013         2.3797520E-014         2.2298443E-015         7.1773227E-013         3.2177825E-011         2.2454482E-012         0.0000000E+000         1.8165058E-014         0.0000000E+000         0.0000000E+000         0.0000000E+000         0.0000000E+000     2.6934292E-007     1.6998404E+003     6.9803477E-006
     1.9573418E-002     3.2441109E-007     1.0618425E-012         6.3998331E-014         5.9966693E-015         1.9301684E-012         8.4429924E-011         5.8822515E-012         0.0000000E+000         4.4644481E-014         0.0000000E+000         0.0000000E+000         0.0000000E+000         0.0000000E+000     3.5081546E-007     1.6909178E+003     7.4068251E-006
     1.7782794E-002     2.9629305E-007     1.1949262E-012         1.7712181E-013         1.6596183E-014         5.3417429E-012         2.2790077E-010         1.5856516E-011         0.0000000E+000         1.1287003E-013         0.0000000E+000         0.0000000E+000         0.0000000E+000         0.0000000E+000     4.6027195E-007     1.6820420E+003     7.8457260E-006
     1.6155981E-002     2.7061211E-007     1.3489802E-012         4.9898338E-013         4.6752588E-014         1.5046937E-011         6.2569790E-010         4.3508438E-011         0.0000000E+000         2.9036964E-013         0.0000000E+000         0.0000000E+000         0.0000000E+000         0.0000000E+000     6.0662996E-007     1.6732127E+003     8.2962189E-006
     1.4677993E-002     2.4715704E-007     1.5247667E-012         1.3749404E-012         1.2881194E-013         4.1448314E-011         1.6771325E-009         1.1678909E-010         0.0000000E+000         7.3056332E-013         0.0000000E+000         0.0000000E+000         0.0000000E+000         0.0000000E+000     7.9297705E-007     1.6644299E+003     8.7573616E-006
     1.3335214E-002     2.2573492E-007     1.7229816E-012         3.5421002E-012         3.3175110E-013         1.0669144E-010         4.1859000E-009         2.9328256E-010         0.0000000E+000         1.7191546E-012         0.0000000E+000         0.0000000E+000         0.0000000E+000         0.0000000E+000     1.0129732E-006     1.6556931E+003     9.2281019E-006
     1.2115277E-002     2.0616955E-007     1.9441959E-012         8.2099667E-012         7.6846524E-013         2.4684398E-010         9.3283229E-009         6.6358647E-010         0.0000000E+000         3.6444812E-012         0.0000000E+000         0.0000000E+000         0.0000000E+000         0.0000000E+000     1.2484538E-006     1.6470021E+003     9.7072787E-006
     1.1006942E-002     1.8829998E-007     2.1894010E-012         1.6780639E-011         1.5688310E-012         5.0278475E-010         1.8118074E-008         1.3273613E-009         0.0000000E+000         6.8300853E-012         0.0000000E+000         0.0000000E+000         0.0000000E+000         0.0000000E+000     1.4742924E-006     1.6383568E+003     1.0193624E-005
     1.0000000E-002     1.7197925E-007     2.4591915E-012         3.1460561E-011         2.9349829E-012         9.3676532E-010         3.1699785E-008         2.4461606E-009         0.0000000E+000         1.1795110E-011         0.0000000E+000         0.0000000E+000         0.0000000E+000         0.0000000E+000     1.6894997E-006     1.6297569E+003     1.0685769E-005
     9.0851758E-003     1.5688007E-007     2.7470704E-012         4.3188270E-011         4.0208301E-012         1.2783316E-009         4.1030871E-008         3.3203938E-009         0.0000000E+000         1.5230742E-011         0.0000000E+000         0.0000000E+000         0.0000000E+000         0.0000000E+000     1.7677988E-006     1.6231820E+003     1.1168859E-005
     8.2540419E-003     1.4310654E-007     3.0713064E-012         5.8401138E-011         5.4218226E-012         1.7145281E-009         5.1669589E-008         4.4564786E-009         0.0000000E+000         1.9450758E-011         0.0000000E+000         0.0000000E+000         0.0000000E+000         0.0000000E+000     1.8376792E-006     1.6166336E+003     1.1653540E-005
     7.4989421E-003     1.3054228E-007     3.4306097E-012         7.4843642E-011         6.9243572E-012         2.1754405E-009         6.1160592E-008         5.6867015E-009         0.0000000E+000         2.3620047E-011         0.0000000E+000         0.0000000E+000         0.0000000E+000         0.0000000E+000     1.8757628E-006     1.6101116E+003     1.2138162E-005
     6.8129207E-003     1.1908112E-007     3.8274219E-012         9.1740717E-011         8.4529208E-012         2.6353257E-009         6.8720445E-008         6.9642512E-009         0.0000000E+000         2.7532039E-011         0.0000000E+000         0.0000000E+000         0.0000000E+000         0.0000000E+000     1.8862480E-006     1.6036159E+003     1.2621007E-005
     6.1896582E-003     1.0862621E-007     4.2636428E-012         1.0852634E-010         9.9518470E-012         3.0751062E-009         7.3962651E-008         8.2614915E-009         0.0000000E+000         3.1091783E-011         0.0000000E+000         0.0000000E+000         0.0000000E+000         0.0000000E+000     1.8747017E-006     1.5971465E+003     1.3100296E-005
     5.6234133E-003     9.9089203E-008     4.7413027E-012         1.2259609E-010         1.1183787E-011         3.4226655E-009         7.5801895E-008         9.3814004E-009         0.0000000E+000         3.3611605E-011         0.0000000E+000         0.0000000E+000         0.0000000E+000         0.0000000E+000     1.8360701E-006     1.5907031E+003     1.3574199E-005
     5.1089698E-003     9.0389513E-008     5.2653347E-012         1.3085028E-010         1.1875602E-011         3.6001189E-009         7.3695524E-008         1.0065282E-008         0.0000000E+000         3.4321508E-011         0.0000000E+000         0.0000000E+000         0.0000000E+000         0.0000000E+000     1.7664589E-006     1.5842857E+003     1.4040849E-005
     4.6415888E-003     8.2453627E-008     5.8426551E-012         1.3266966E-010         1.1983297E-011         3.6009743E-009         6.8567153E-008         1.0241004E-008         0.0000000E+000         3.3220174E-011         0.0000000E+000         0.0000000E+000         0.0000000E+000         0.0000000E+000     1.6723599E-006     1.5778943E+003     1.4498348E-005
     4.2169650E-003     7.5214483E-008     6.4777493E-012         1.2960025E-010         1.1655025E-011         3.4743352E-009         6.1908164E-008         1.0017741E-008         0.0000000E+000         3.0897982E-011         0.0000000E+000         0.0000000E+000         0.0000000E+000         0.0000000E+000     1.5651450E-006     1.5715286E+003     1.4944785E-005
     3.8311868E-003     6.8610912E-008     7.1675985E-012         1.2372797E-010         1.1082112E-011         3.2791437E-009         5.4918654E-008         9.5599672E-009         0.0000000E+000         2.8023330E-011         0.0000000E+000         0.0000000E+000         0.0000000E+000         0.0000000E+000     1.4551579E-006     1.5651886E+003     1.5378248E-005
     3.4807006E-003     6.2468364E-008     7.9275530E-012         8.8879226E-011         7.9691966E-012         2.3626686E-009         3.9780008E-008         6.7510729E-009         0.0000000E+000         1.9224652E-011         0.0000000E+000         0.0000000E+000         0.0000000E+000         0.0000000E+000     1.2575858E-006     1.5618226E+003     1.5767228E-005
     3.1622777E-003     5.6875742E-008     8.8284858E-012         6.6239303E-011         5.9422912E-012         1.7634423E-009         2.9635683E-008         4.9603587E-009         0.0000000E+000         1.3725864E-011         0.0000000E+000         0.0000000E+000         0.0000000E+000         0.0000000E+000     1.0970350E-006     1.5584639E+003     1.6138005E-005
     2.8729848E-003     5.1783812E-008     9.8409686E-012         5.5613234E-011         4.9859924E-012         1.4779520E-009         2.4424310E-008         4.1289976E-009         0.0000000E+000         1.1108016E-011         0.0000000E+000         0.0000000E+000         0.0000000E+000         0.0000000E+000     9.9403857E-007     1.5551125E+003     1.6488849E-005
     2.6101572E-003     4.7147748E-008     1.0943347E-011         4.8219597E-011         4.3197410E-012         1.2785706E-009         2.0725058E-008         3.5522345E-009         0.0000000E+000         9.2911141E-012         0.0000000E+000         0.0000000E+000         0.0000000E+000         0.0000000E+000     9.1089107E-007     1.5517682E+003     1.6818098E-005
     2.3713737E-003     4.2926739E-008     1.2145196E-011         4.2442978E-011         3.7991535E-012         1.1227529E-009         1.7839856E-008         3.1027206E-009         0.0000000E+000         7.8897235E-012         0.0000000E+000         0.0000000E+000         0.0000000E+000         0.0000000E+000     8.3935840E-007     1.5484311E+003     1.7124166E-005
     2.1544347E-003     3.9083625E-008     1.3458005E-011         3.7536016E-011         3.3573112E-012         9.9071206E-010         1.5435648E-008         2.7223742E-009         0.0000000E+000         6.7295277E-012         0.0000000E+000         0.0000000E+000         0.0000000E+000         0.0000000E+000     7.7505630E-007     1.5451012E+003     1.7405560E-005
     1.9573418E-003     3.5584575E-008     1.4892495E-011         3.3298718E-011         2.9761276E-012         8.7699938E-010         1.3403828E-008         2.3954299E-009         0.0000000E+000         5.7557455E-012         0.0000000E+000         0.0000000E+000         0.0000000E+000         0.0000000E+000     7.1673490E-007     1.5417785E+003     1.7660890E-005
     1.7782794E-003     3.2398785E-008     1.6454160E-011         2.9639095E-011         2.6471919E-012         7.7903015E-010         1.1684198E-008         2.1143825E-009         0.0000000E+000         4.9379648E-012         0.0000000E+000         0.0000000E+000         0.0000000E+000         0.0000000E+000     6.6388411E-007     1.5384629E+003     1.7888881E-005
     1.6155981E-003     2.9498210E-008     1.8137560E-011         2.6471497E-011         2.3627055E-012         6.9442560E-010         1.0224347E-008         1.8723011E-009         0.0000000E+000         4.2496413E-012         0.0000000E+000         0.0000000E+000         0.0000000E+000         0.0000000E+000     6.1609631E-007     1.5351545E+003     1.8088385E-005
     1.4677993E-003     2.6857316E-008     1.9913883E-011         2.3693373E-011         2.1133944E-012         6.2039287E-010         8.9689765E-009         1.6613027E-009         0.0000000E+000         3.6644119E-012         0.0000000E+000         0.0000000E+000         0.0000000E+000         0.0000000E+000     5.7290909E-007     1.5318531E+003     1.8258387E-005
     1.3335214E-003     2.4423357E-008     2.1854841E-011         1.5911844E-011         1.4199042E-012         4.1715628E-010         6.0360672E-009         1.1074739E-009         0.0000000E+000         2.4112711E-012         0.0000000E+000         0.0000000E+000         0.0000000E+000         0.0000000E+000     4.9013152E-007     1.5303923E+003     1.8376031E-005
     1.2115277E-003     2.2209977E-008     2.4136519E-011         1.0868101E-011         9.7008942E-013         2.8515531E-010         4.1211071E-009         7.5145109E-010         0.0000000E+000         1.6150805E-012         0.0000000E+000         0.0000000E+000         0.0000000E+000         0.0000000E+000     4.2071947E-007     1.5289329E+003     1.8462352E-005
     1.1006942E-003     2.0197186E-008     2.6748968E-011         7.5442200E-012         6.7352250E-013         1.9805019E-010         2.8552819E-009         5.1842590E-010         0.0000000E+000         1.0999508E-012         0.0000000E+000         0.0000000E+000         0.0000000E+000         0.0000000E+000     3.6262718E-007     1.5274749E+003     1.8516904E-005
     1.0000000E-003     1.8366806E-008     2.9751769E-011         5.3313738E-012         4.7602447E-013         1.4000820E-010         2.0118703E-009         3.6422180E-010         0.0000000E+000         7.6287277E-013         0.0000000E+000         0.0000000E+000         0.0000000E+000         0.0000000E+000     3.1401742E-007     1.5260182E+003     1.8539402E-005
     9.0851758E-004     1.6702304E-008     3.3278441E-011         3.8465941E-012         3.4347906E-013         1.0103913E-010         1.4463008E-009         2.6130260E-010         0.0000000E+000         5.4029645E-013         0.0000000E+000         0.0000000E+000         0.0000000E+000         0.0000000E+000     2.7328092E-007     1.5245630E+003     1.8529729E-005
     8.2540419E-004     1.5188649E-008     3.7384260E-011         2.9321348E-012         2.6183100E-013         7.7025759E-011         1.0976241E-009         1.9810256E-010         0.0000000E+000         4.0437452E-013         0.0000000E+000         0.0000000E+000         0.0000000E+000         0.0000000E+000     2.4186190E-007     1.5231091E+003     1.8487937E-005
     7.4989421E-004     1.3812169E-008     4.2037728E-011         2.3423241E-012         2.0916361E-013         6.1532561E-011         8.7261255E-010         1.5741437E-010         0.0000000E+000         3.1720692E-013         0.0000000E+000         0.0000000E+000         0.0000000E+000         0.0000000E+000     2.1734603E-007     1.5216566E+003     1.8414243E-005
     6.8129207E-004     1.2560434E-008     4.7247374E-011         1.8763842E-012         1.6755696E-013         4.9292899E-011         6.9565277E-010         1.2543192E-010         0.0000000E+000         2.4952027E-013         0.0000000E+000         0.0000000E+000         0.0000000E+000         0.0000000E+000     1.9552667E-007     1.5202055E+003     1.8309027E-005
     6.1896582E-004     1.1422138E-008     5.3065011E-011         1.5054691E-012         1.3443540E-013         3.9549201E-011         5.5542702E-010         1.0010296E-010         0.0000000E+000         1.9657989E-013         0.0000000E+000         0.0000000E+000         0.0000000E+000         0.0000000E+000     1.7602868E-007     1.5187558E+003     1.8172836E-005
     5.6234133E-004     1.0387001E-008     5.9557154E-011         1.2088031E-012         1.0794388E-013         3.1755823E-011         4.4379456E-010         7.9950387E-011         0.0000000E+000         1.5498939E-013         0.0000000E+000         0.0000000E+000         0.0000000E+000         0.0000000E+000     1.5855108E-007     1.5173075E+003     1.8006369E-005
     5.1089698E-004     9.4402431E-009     6.6774920E-011         9.3455713E-013         8.3455050E-014         2.4551959E-011         3.4247656E-010         6.1674254E-011         0.0000000E+000         1.1893058E-013         0.0000000E+000         0.0000000E+000         0.0000000E+000         0.0000000E+000     1.4181643E-007     1.5167171E+003     1.7800309E-005
     4.6415888E-004     8.5797808E-009     7.4695832E-011         7.8775168E-013         7.0345043E-014         2.0694838E-011         2.8807050E-010         5.1875052E-011         0.0000000E+000         9.9508034E-014         0.0000000E+000         0.0000000E+000         0.0000000E+000         0.0000000E+000     1.3065273E-007     1.5161269E+003     1.7566084E-005
     4.2169650E-004     7.7977481E-009     8.3211280E-011         7.0955409E-013         6.3361238E-014         1.8639771E-011         2.5889858E-010         4.6627367E-011         0.0000000E+000         8.8971497E-014         0.0000000E+000         0.0000000E+000         0.0000000E+000         0.0000000E+000     1.2322804E-007     1.5155370E+003     1.7304871E-005
     3.8311868E-004     7.0869964E-009     9.2279824E-011         6.7866315E-013         6.0601449E-014         1.7827145E-011         2.4704677E-010         4.4505468E-011         0.0000000E+000         8.4476164E-014         0.0000000E+000         0.0000000E+000         0.0000000E+000         0.0000000E+000     1.1875199E-007     1.5149473E+003     1.7017972E-005
     3.4807006E-004     6.4410286E-009     1.0191851E-010         6.4651247E-013         5.7729310E-014         1.6981546E-011         2.3479458E-010         4.2309397E-011         0.0000000E+000         7.9885419E-014         0.0000000E+000         0.0000000E+000         0.0000000E+000         0.0000000E+000     1.1444127E-007     1.5143578E+003     1.6706799E-005
     3.1622777E-004     5.8539396E-009     1.1229294E-010         6.1443147E-013         5.4863483E-014         1.6137854E-011         2.2262147E-010         4.0126846E-011         0.0000000E+000         7.5365881E-014         0.0000000E+000         0.0000000E+000         0.0000000E+000         0.0000000E+000     1.1028859E-007     1.5137685E+003     1.6372867E-005
     2.8729848E-004     5.3203628E-009     1.2355398E-010         5.8414935E-013         5.2158363E-014         1.5341480E-011         2.1115215E-010         3.8070455E-011         0.0000000E+000         7.1127267E-014         0.0000000E+000         0.0000000E+000         0.0000000E+000         0.0000000E+000     1.0717899E-007     1.5131795E+003     1.6017776E-005
     2.6101572E-004     4.8354206E-009     1.3583075E-010         5.6170347E-013         5.0152948E-014         1.4750918E-011         2.0255595E-010         3.6532312E-011         0.0000000E+000         6.7894240E-014         0.0000000E+000         0.0000000E+000         0.0000000E+000         0.0000000E+000     1.0615155E-007     1.5125907E+003     1.5643204E-005
     2.3713737E-004     4.3946801E-009     1.4909104E-010         5.5702752E-013         4.9733963E-014         1.4626845E-011         2.0037569E-010         3.6154678E-011         0.0000000E+000         6.6838691E-014         0.0000000E+000         0.0000000E+000         0.0000000E+000         0.0000000E+000     1.0570371E-007     1.5120021E+003     1.5250892E-005
     2.1544347E-004     3.9941124E-009     1.6343910E-010         5.5169663E-013         4.9256417E-014         1.4485501E-011         1.9796385E-010         3.5736334E-011         0.0000000E+000         6.5717429E-014         0.0000000E+000         0.0000000E+000         0.0000000E+000         0.0000000E+000     1.0525793E-007     1.5114138E+003     1.4842627E-005
     1.9573418E-004     3.6291454E-009     1.7911110E-010         5.3783085E-013         4.8016893E-014         1.4120086E-011         1.9274297E-010         3.4813689E-011         0.0000000E+000         6.3888103E-014         0.0000000E+000         0.0000000E+000         0.0000000E+000         0.0000000E+000     1.0475465E-007     1.5111820E+003     1.4416625E-005
     1.7782794E-004     3.2975278E-009     1.9623763E-010         5.2654639E-013         4.7007759E-014         1.3822385E-011         1.8845040E-010         3.4059824E-011         0.0000000E+000         6.2375216E-014         0.0000000E+000         0.0000000E+000         0.0000000E+000         0.0000000E+000     1.0433217E-007     1.5109502E+003     1.3978560E-005
     1.6155981E-004     2.9962121E-009     2.1492102E-010         5.1603333E-013         4.6067436E-014         1.3544886E-011         1.8443726E-010         3.3357272E-011         0.0000000E+000         6.0962142E-014         0.0000000E+000         0.0000000E+000         0.0000000E+000         0.0000000E+000     1.0393607E-007     1.5107185E+003     1.3530296E-005
     1.4677993E-004     2.7224295E-009     2.3527511E-010         5.0549731E-013         4.5125010E-014         1.3266738E-011         1.8041923E-010         3.2654600E-011         0.0000000E+000         5.9554473E-014         0.0000000E+000         0.0000000E+000         0.0000000E+000         0.0000000E+000     1.0354168E-007     1.5104868E+003     1.3073689E-005
     1.3335214E-004     2.4736641E-009     2.5737062E-010         4.9510137E-013         4.4195034E-014         1.2992219E-011         1.7645454E-010         3.1962325E-011         0.0000000E+000         5.8171340E-014         0.0000000E+000         0.0000000E+000         0.0000000E+000         0.0000000E+000     1.0315884E-007     1.5102551E+003     1.2610579E-005
     1.2115277E-004     2.2476300E-009     2.8112948E-010         4.8671270E-013         4.3444146E-014         1.2770296E-011         1.7320553E-010         3.1401021E-011         0.0000000E+000         5.7031610E-014         0.0000000E+000         0.0000000E+000         0.0000000E+000         0.0000000E+000     1.0286609E-007     1.5100235E+003     1.2142775E-005
     1.1006942E-004     2.0422500E-009     3.0641761E-010         4.7742508E-013         4.2612944E-014         1.2524724E-011         1.6963791E-010         3.0782958E-011         0.0000000E+000         5.5793524E-014         0.0000000E+000         0.0000000E+000         0.0000000E+000         0.0000000E+000     1.0257420E-007     1.5097919E+003     1.1672043E-005
     1.0000000E-004     1.8556369E-009     3.3300375E-010         4.6693729E-013         4.1674559E-014         1.2247615E-011         1.6564642E-010         3.0088828E-011         0.0000000E+000         5.4422783E-014         0.0000000E+000         0.0000000E+000         0.0000000E+000         0.0000000E+000     1.0228316E-007     1.5095603E+003     1.1200097E-005
     9.0851758E-005     1.6860758E-009     3.6045363E-010         4.5485147E-013         4.0593511E-014         1.1928558E-011         1.6109281E-010         2.9293110E-011         0.0000000E+000         5.2874153E-014         0.0000000E+000         0.0000000E+000         0.0000000E+000         0.0000000E+000     1.0199296E-007     1.5093288E+003     1.0728593E-005
     8.2540419E-005     1.5320085E-009     3.8813312E-010         4.4079351E-013         3.9336453E-014         1.1557776E-011         1.5584816E-010         2.8371877E-011         0.0000000E+000         5.1105651E-014         0.0000000E+000         0.0000000E+000         0.0000000E+000         0.0000000E+000     1.0170480E-007     1.5090973E+003     1.0259111E-005
     7.4989421E-005     1.3918562E-009     4.1530469E-010         4.2208371E-013         3.7664344E-014         1.1065091E-011         1.4904602E-010         2.7167014E-011         0.0000000E+000         4.8896822E-014         0.0000000E+000         0.0000000E+000         0.0000000E+000         0.0000000E+000     1.0140393E-007     1.5090073E+003     9.7919987E-006
     6.8129207E-005     1.2645254E-009     4.4082763E-010         4.0217518E-013         3.5885382E-014         1.0541079E-011         1.4183160E-010         2.5885440E-011         0.0000000E+000         4.6553529E-014         0.0000000E+000         0.0000000E+000         0.0000000E+000         0.0000000E+000     1.0115613E-007     1.5089173E+003     9.3299430E-006
     6.1896582E-005     1.1488432E-009     4.6334398E-010         3.8052536E-013         3.3951208E-014         9.9715670E-012         1.3401701E-010         2.4492139E-011         0.0000000E+000         4.4013156E-014         0.0000000E+000         0.0000000E+000         0.0000000E+000         0.0000000E+000     1.0095638E-007     1.5088273E+003     8.8742702E-006
     5.6234133E-005     1.0437439E-009     4.8164822E-010         3.5607316E-013         3.1767229E-014         9.3288168E-012         1.2523387E-010         2.2918664E-011         0.0000000E+000         4.1153250E-014         0.0000000E+000         0.0000000E+000         0.0000000E+000         0.0000000E+000     1.0075703E-007     1.5087374E+003     8.4262109E-006
     5.1089698E-005     9.4825935E-010     4.9474187E-010         3.2924167E-013         2.9371278E-014         8.6239871E-012         1.1563673E-010         2.1192122E-011         0.0000000E+000         3.8023184E-014         0.0000000E+000         0.0000000E+000         0.0000000E+000         0.0000000E+000     1.0055808E-007     1.5086474E+003     7.9868958E-006
     4.6415888E-005     8.6151001E-010     5.0184948E-010         3.0063343E-013         2.6817183E-014         7.8729272E-012         1.0544249E-010         1.9351152E-011         0.0000000E+000         3.4692858E-014         0.0000000E+000         0.0000000E+000         0.0000000E+000         0.0000000E+000     1.0035956E-007     1.5085574E+003     7.5573533E-006
     4.2169650E-005     7.8269672E-010     5.0208606E-010         2.7257355E-013         2.4312373E-014         7.1365467E-012         9.5467964E-011         1.7545426E-011         0.0000000E+000         3.1430868E-014         0.0000000E+000         0.0000000E+000         0.0000000E+000         0.0000000E+000     1.0027355E-007     1.5084675E+003     7.1385080E-006
     3.8311868E-005     7.1109349E-010     4.9520531E-010         2.4416324E-013         2.1776696E-014         6.3913262E-012         8.5399170E-011         1.5717011E-011         0.0000000E+000         2.8133355E-014         0.0000000E+000         0.0000000E+000         0.0000000E+000         0.0000000E+000     1.0022399E-007     1.5083775E+003     6.7311798E-006
     3.4807006E-005     6.4604072E-010     4.8214351E-010         2.1590588E-013         1.9255061E-014         5.6504552E-012         7.5413093E-011         1.3898264E-011         0.0000000E+000         2.4858272E-014         0.0000000E+000         0.0000000E+000         0.0000000E+000         0.0000000E+000     1.0017448E-007     1.5082876E+003     6.3360843E-006
     3.1622777E-005     5.8693916E-010     4.6406424E-010         1.8874031E-013         1.6831188E-014         4.9384962E-012         6.5836929E-011         1.2149622E-011         0.0000000E+000         2.1713586E-014         0.0000000E+000         0.0000000E+000         0.0000000E+000         0.0000000E+000     1.0012502E-007     1.5081977E+003     5.9538340E-006
     2.8729848E-005     5.3320495E-010     4.4211431E-010         1.6299339E-013         1.4534195E-014         4.2639754E-012         5.6793370E-011         1.0494298E-011         0.0000000E+000         1.8749798E-014         0.0000000E+000         0.0000000E+000         0.0000000E+000         0.0000000E+000     1.0007473E-007     1.5081629E+003     5.5845174E-006
     2.6101572E-005     4.8439011E-010     4.1754780E-010         1.3954086E-013         1.2442130E-014         3.6497665E-012         4.8570582E-011         8.9859285E-012         0.0000000E+000         1.6050183E-014         0.0000000E+000         0.0000000E+000         0.0000000E+000         0.0000000E+000     1.0002459E-007     1.5081281E+003     5.2290235E-006
     2.3713737E-005     4.4004425E-010     3.9132071E-010         1.1873856E-013         1.0586663E-014         3.1051247E-012         4.1288609E-011         7.6475829E-012         0.0000000E+000         1.3655716E-014         0.0000000E+000         0.0000000E+000         0.0000000E+000         0.0000000E+000     1.0000120E-007     1.5080933E+003     4.8876664E-006
     2.1544347E-005     3.9975826E-010     3.6427118E-010         1.0049942E-013         8.9599656E-015         2.6277195E-012         3.4913292E-011         6.4738040E-012         0.0000000E+000         1.1556398E-014         0.0000000E+000         0.0000000E+000         0.0000000E+000         0.0000000E+000     1.0000116E-007     1.5080586E+003     4.5606688E-006
     1.9573418E-005     3.6316044E-010     3.3728444E-010         8.4610195E-014         7.5429736E-015         2.2119281E-012         2.9367125E-011         5.4509832E-012         0.0000000E+000         9.7276931E-015         0.0000000E+000         0.0000000E+000         0.0000000E+000         0.0000000E+000     1.0000112E-007     1.5080238E+003     4.2481665E-006
     1.7782794E-005     3.2991315E-010     3.1096808E-010         7.0931262E-014         6.3231903E-015         1.8540588E-012         2.4598606E-011         4.5702354E-012         0.0000000E+000         8.1535184E-015         0.0000000E+000         0.0000000E+000         0.0000000E+000         0.0000000E+000     1.0000108E-007     1.5079890E+003     3.9502132E-006
     1.6155981E-005     2.9970964E-010     2.8566535E-010         5.9249200E-014         5.2815485E-015         1.5484969E-012         2.0531057E-011         3.8179035E-012         0.0000000E+000         6.8092974E-015         0.0000000E+000         0.0000000E+000         0.0000000E+000         0.0000000E+000     1.0000105E-007     1.5079542E+003     3.6667860E-006
     1.4677993E-005     2.7227126E-010     2.6161521E-010         4.9339894E-014         4.3980351E-015         1.2893548E-012         1.7084569E-011         3.1796212E-012         0.0000000E+000         5.6692169E-015         0.0000000E+000         0.0000000E+000         0.0000000E+000         0.0000000E+000     1.0000101E-007     1.5079195E+003     3.3977906E-006
     1.3335214E-005     2.4734486E-010     2.3895052E-010         4.0978900E-014         3.6526148E-015         1.0707425E-012         1.4179566E-011         2.6409839E-012         0.0000000E+000         4.7074230E-015         0.0000000E+000         0.0000000E+000         0.0000000E+000         0.0000000E+000     1.0000097E-007     1.5078847E+003     3.1430672E-006
     1.2115277E-005     2.2470047E-010     2.1773592E-010         3.3955163E-014         3.0264520E-015         8.8712527E-013         1.1741503E-011         2.1884347E-012         0.0000000E+000         3.8996027E-015         0.0000000E+000         0.0000000E+000         0.0000000E+000         0.0000000E+000     1.0000093E-007     1.5078499E+003     2.9023965E-006
     1.1006942E-005     2.0411406E-010     1.9791231E-010         2.8043682E-014         2.4994739E-015         7.3260864E-013         9.6920748E-012         1.8076498E-012         0.0000000E+000         3.2207256E-015         0.0000000E+000         0.0000000E+000         0.0000000E+000         0.0000000E+000     1.0000089E-007     1.5078365E+003     2.6753015E-006
     1.0000000E-005     1.8541372E-010     1.7954191E-010         2.3116393E-014         2.0602523E-015         6.0383513E-013         7.9851268E-012         1.4902035E-012         0.0000000E+000         2.6548333E-015         0.0000000E+000         0.0000000E+000         0.0000000E+000         0.0000000E+000     1.0000085E-007     1.5078231E+003     2.4616978E-006
     9.0851758E-006     1.6842665E-010     1.6257314E-010         1.9019538E-014         1.6950718E-015         4.9677839E-013         6.5668378E-012         1.2262163E-012         0.0000000E+000         2.1842915E-015         0.0000000E+000         0.0000000E+000         0.0000000E+000         0.0000000E+000     1.0000082E-007     1.5078097E+003     2.2612197E-006
     8.2540419E-006     1.5299589E-010     1.4695132E-010         1.5621618E-014         1.3922043E-015         4.0799613E-013         5.3912574E-012         1.0072345E-012         0.0000000E+000         1.7940129E-015         0.0000000E+000         0.0000000E+000         0.0000000E+000         0.0000000E+000     1.0000078E-007     1.5077963E+003     2.0734655E-006
     7.4989421E-006     1.3897885E-010     1.3260608E-010         1.2809177E-014         1.1415313E-015         3.3451926E-013         4.4188037E-012         8.2596110E-013         0.0000000E+000         1.4709763E-015         0.0000000E+000         0.0000000E+000         0.0000000E+000         0.0000000E+000     1.0000074E-007     1.5077828E+003     1.8980029E-006
     6.8129207E-006     1.2624601E-010     1.1946631E-010         1.0486049E-014         9.3447770E-016         2.7383189E-013         3.6159726E-012         6.7620891E-013         0.0000000E+000         1.2041423E-015         0.0000000E+000         0.0000000E+000         0.0000000E+000         0.0000000E+000     1.0000071E-007     1.5077694E+003     1.7343747E-006
     6.1896582E-006     1.1467971E-010     1.0745634E-010         8.5705758E-015         7.6376231E-016         2.2379814E-013         2.9543502E-012         5.5272224E-013         0.0000000E+000         9.8413438E-016         0.0000000E+000         0.0000000E+000         0.0000000E+000         0.0000000E+000     1.0000067E-007     1.5077560E+003     1.5821040E-006
     5.6234133E-006     1.0417309E-010     9.6502228E-011         6.9940578E-015         6.2325996E-016         1.8262149E-013         2.4100583E-012         4.5107823E-013         0.0000000E+000         8.0306305E-016         0.0000000E+000         0.0000000E+000         0.0000000E+000         0.0000000E+000     1.0000063E-007     1.5077426E+003     1.4406986E-006
     5.1089698E-006     9.4629053E-011     8.6530156E-011         5.6986924E-015         5.0781737E-016         1.4879066E-013         1.9630267E-012         3.6755456E-013         0.0000000E+000         6.5428912E-016         0.0000000E+000         0.0000000E+000         0.0000000E+000         0.0000000E+000     1.0000059E-007     1.5077292E+003     1.3096561E-006
     4.6415888E-006     8.5959413E-011     7.7469395E-011         4.6361262E-015         4.1312396E-016         1.2104168E-013         1.5964825E-012         2.9903666E-013         0.0000000E+000         5.3225805E-016         0.0000000E+000         0.0000000E+000         0.0000000E+000         0.0000000E+000     1.0000056E-007     1.5077158E+003     1.1884677E-006
     4.2169650E-006     7.8076130E-011     6.9213624E-011         3.7624504E-015         3.3526566E-016         9.8226977E-014         1.2952486E-012         2.4270307E-013         0.0000000E+000         4.3197162E-016         0.0000000E+000         0.0000000E+000         0.0000000E+000         0.0000000E+000     1.0000052E-007     1.5077106E+003     1.0765105E-006
     3.8311868E-006     7.0915817E-011     6.1743396E-011         3.0487681E-015         2.7166655E-016         7.9591320E-014         1.0492594E-012         1.9668160E-013         0.0000000E+000         3.5004645E-016         0.0000000E+000         0.0000000E+000         0.0000000E+000         0.0000000E+000     1.0000048E-007     1.5077054E+003     9.7340862E-007
     3.4807006E-006     6.4412172E-011     5.4989613E-011         2.4664351E-015         2.1977344E-016         6.4386246E-014         8.4860485E-013         1.5912704E-013         0.0000000E+000         2.8319647E-016         0.0000000E+000         0.0000000E+000         0.0000000E+000         0.0000000E+000     1.0000046E-007     1.5077002E+003     8.7865444E-007
     3.1622777E-006     5.8504973E-011     4.8899143E-011         1.9922560E-015         1.7751889E-016         5.2005737E-014         6.8526475E-013         1.2854492E-013         0.0000000E+000         2.2876027E-016         0.0000000E+000         0.0000000E+000         0.0000000E+000         0.0000000E+000     1.0000045E-007     1.5076951E+003     7.9174813E-007
     2.8729848E-006     5.3139519E-011     4.3412156E-011         1.6066051E-015         1.4315371E-016         4.1937093E-014         5.5245702E-013         1.0367057E-013         0.0000000E+000         1.8448579E-016         0.0000000E+000         0.0000000E+000         0.0000000E+000         0.0000000E+000     1.0000044E-007     1.5076899E+003     7.1220005E-007
     2.6101572E-006     4.8266127E-011     3.8480788E-011         1.2935826E-015         1.1526082E-016         3.3764989E-014         4.4468973E-013         8.3479259E-014         0.0000000E+000         1.4854832E-016         0.0000000E+000         0.0000000E+000         0.0000000E+000         0.0000000E+000     1.0000043E-007     1.5076847E+003     6.3953301E-007
     2.3713737E-006     4.3839671E-011     3.4053366E-011         1.0398259E-015         9.2649318E-017         2.7140406E-014         3.5734950E-013         6.7109692E-014         0.0000000E+000         1.1941425E-016         0.0000000E+000         0.0000000E+000         0.0000000E+000         0.0000000E+000     1.0000041E-007     1.5076795E+003     5.7328418E-007
     2.1544347E-006     3.9819162E-011     3.0087739E-011         8.3452236E-016         7.4355573E-017         2.1780947E-014         2.8670472E-013         5.3864840E-014         0.0000000E+000         9.5842471E-017         0.0000000E+000         0.0000000E+000         0.0000000E+000         0.0000000E+000     1.0000040E-007     1.5076744E+003     5.1300660E-007
     1.9573418E-006     3.6167372E-011     2.6539526E-011         6.6863057E-016         5.9573836E-017         1.7450492E-014         2.2963633E-013         4.3161808E-014         0.0000000E+000         7.6795192E-017         0.0000000E+000         0.0000000E+000         0.0000000E+000         0.0000000E+000     1.0000039E-007     1.5076692E+003     4.5827058E-007
     1.7782794E-006     3.2850485E-011     2.3372208E-011         5.3485265E-016         4.7653750E-017         1.3958469E-014         1.8362799E-013         3.4530024E-014         0.0000000E+000         6.1434611E-017         0.0000000E+000         0.0000000E+000         0.0000000E+000         0.0000000E+000     1.0000038E-007     1.5076640E+003     4.0866459E-007
     1.6155981E-006     2.9833125E-011     2.0531580E-011         4.2665711E-016         3.8013262E-017         1.1134323E-014         1.4642913E-013         2.7548708E-014         0.0000000E+000         4.9013067E-017         0.0000000E+000         0.0000000E+000         0.0000000E+000         0.0000000E+000     1.0000036E-007     1.5076620E+003     3.6373807E-007
     1.4677993E-006     2.7092913E-011     1.8006951E-011         3.3979249E-016         3.0273508E-017         8.8670419E-015         1.1657197E-013         2.1943241E-014         0.0000000E+000         3.9039654E-017         0.0000000E+000         0.0000000E+000         0.0000000E+000         0.0000000E+000     1.0000035E-007     1.5076600E+003     3.2318896E-007
     1.3335214E-006     2.4604394E-011     1.5761839E-011         2.7007929E-016         2.4062048E-017         7.0475005E-015         9.2616727E-014         1.7444125E-014         0.0000000E+000         3.1034809E-017         0.0000000E+000         0.0000000E+000         0.0000000E+000         0.0000000E+000     1.0000034E-007     1.5076580E+003     2.8666211E-007
     1.2115277E-006     2.2344448E-011     1.3773472E-011         2.1430481E-016         1.9092596E-017         5.5918188E-015         7.3456863E-014         1.3844187E-014         0.0000000E+000         2.4629875E-017         0.0000000E+000         0.0000000E+000         0.0000000E+000         0.0000000E+000     1.0000033E-007     1.5076560E+003     2.5382248E-007
     1.1006942E-006     2.0292081E-011     1.2011075E-011         1.6969397E-016         1.5117868E-017         4.4275455E-015         5.8136722E-014         1.0964469E-014         0.0000000E+000         1.9506413E-017         0.0000000E+000         0.0000000E+000         0.0000000E+000         0.0000000E+000     1.0000031E-007     1.5076541E+003     2.2435508E-007
     1.0000000E-006     1.8428227E-011     1.0455785E-011         1.3413080E-016         1.1949314E-017         3.4994402E-015         4.5927858E-014         8.6685017E-015         0.0000000E+000         1.5421590E-017         0.0000000E+000         0.0000000E+000         0.0000000E+000         0.0000000E+000     1.0000030E-007     1.5076521E+003     1.9796469E-007
     9.0851758E-007     1.6735570E-011     9.0817173E-012         1.0578323E-016         9.4236830E-018         2.7596742E-015         3.6199606E-014         6.8381247E-015         0.0000000E+000         1.2165158E-017         0.0000000E+000         0.0000000E+000         0.0000000E+000         0.0000000E+000     1.0000029E-007     1.5076501E+003     1.7437554E-007
     8.2540419E-007     1.5198386E-011     7.8735305E-012         8.3269173E-017         7.4178229E-018         2.1721680E-015         2.8476374E-014         5.3841870E-015         0.0000000E+000         9.5784841E-018         0.0000000E+000         0.0000000E+000         0.0000000E+000         0.0000000E+000     1.0000028E-007     1.5076481E+003     1.5333081E-007
     7.4989421E-007     1.3802394E-011     6.8095140E-012         6.5385791E-017         5.8245550E-018         1.7055225E-015         2.2344265E-014         4.2291029E-015         0.0000000E+000         7.5235223E-018         0.0000000E+000         0.0000000E+000         0.0000000E+000         0.0000000E+000     1.0000026E-007     1.5076461E+003     1.3459202E-007
     6.8129207E-007     1.2534626E-011     5.8774289E-012         5.1238297E-017         4.5641517E-018         1.3363817E-015         1.7495664E-014         3.3151331E-015         0.0000000E+000         5.8975360E-018         0.0000000E+000         0.0000000E+000         0.0000000E+000         0.0000000E+000     1.0000025E-007     1.5076441E+003     1.1793839E-007
     6.1896582E-007     1.1380490E-011     5.0529247E-012         3.9980242E-017         3.5611889E-018         1.0426490E-015         1.3639237E-014         2.5877036E-015         0.0000000E+000         4.6034795E-018         0.0000000E+000         0.0000000E+000         0.0000000E+000         0.0000000E+000     1.0000024E-007     1.5076433E+003     1.0314017E-007
     5.6234133E-007     1.0332621E-011     4.3345131E-012         3.1125724E-017         2.7723721E-018         8.1164158E-016         1.0607892E-014         2.0154407E-015         0.0000000E+000         3.5854554E-018         0.0000000E+000         0.0000000E+000         0.0000000E+000         0.0000000E+000     1.0000023E-007     1.5076425E+003     9.0042291E-008
     5.1089698E-007     9.3812363E-012     3.7049175E-012         2.4144072E-017         2.1504177E-018         6.2950824E-016         8.2191955E-015         1.5641058E-015         0.0000000E+000         2.7825550E-018         0.0000000E+000         0.0000000E+000         0.0000000E+000         0.0000000E+000     1.0000021E-007     1.5076418E+003     7.8471369E-008
     4.6415888E-007     8.5174509E-012     3.1586776E-012         1.8679551E-017         1.6636301E-018         4.8696462E-016         6.3509522E-015         1.2107392E-015         0.0000000E+000         2.1539334E-018         0.0000000E+000         0.0000000E+000         0.0000000E+000         0.0000000E+000     1.0000020E-007     1.5076410E+003     6.8268748E-008
     4.2169650E-007     7.7331993E-012     2.6811489E-012         1.4387291E-017         1.2812810E-018         3.7500913E-016         4.8846025E-015         9.3309053E-016         0.0000000E+000         1.6600090E-018         0.0000000E+000         0.0000000E+000         0.0000000E+000         0.0000000E+000     1.0000019E-007     1.5076402E+003     5.9289619E-008
     3.8311868E-007     7.0211583E-012     2.2687332E-012         1.1046046E-017         9.8365829E-019         2.8786802E-016         3.7442123E-015         7.1687531E-016         0.0000000E+000         1.2753701E-018         0.0000000E+000         0.0000000E+000         0.0000000E+000         0.0000000E+000     1.0000018E-007     1.5076395E+003     5.1402164E-008
     3.4807006E-007     6.3746791E-012     1.9089614E-012         8.4321946E-018         7.5083725E-019         2.1970469E-016         2.8529277E-015         5.4766429E-016         0.0000000E+000         9.7434858E-019         0.0000000E+000         0.0000000E+000         0.0000000E+000         0.0000000E+000     1.0000016E-007     1.5076387E+003     4.4486697E-008
     3.1622777E-007     5.7877251E-012     1.5997871E-012         6.4103478E-018         5.7075591E-019         1.6698642E-016         2.1643350E-015         4.1671225E-016         0.0000000E+000         7.4138679E-019         0.0000000E+000         0.0000000E+000         0.0000000E+000         0.0000000E+000     1.0000015E-007     1.5076379E+003     3.8434827E-008
     2.8729848E-007     5.2548153E-012     1.3305251E-012         4.8356090E-018         4.3050413E-019         1.2593149E-016         1.6286522E-015         3.1466867E-016         0.0000000E+000         5.5985140E-019         0.0000000E+000         0.0000000E+000         0.0000000E+000         0.0000000E+000     1.0000014E-007     1.5076372E+003     3.3148641E-008
     2.6101572E-007     4.7709737E-012     1.1004057E-012         3.6268546E-018         3.2285535E-019         9.4423830E-017         1.2181500E-015         2.3628669E-016         0.0000000E+000         4.2040803E-019         0.0000000E+000         0.0000000E+000         0.0000000E+000         0.0000000E+000     1.0000012E-007     1.5076364E+003     2.8539906E-008
     2.3713737E-007     4.3299859E-012     8.9813023E-013         2.6826711E-018         2.3877314E-019         6.9816141E-017         8.9792953E-016         1.7502691E-016         0.0000000E+000         3.1142578E-019         0.0000000E+000         0.0000000E+000         0.0000000E+000         0.0000000E+000     1.0000011E-007     1.5076361E+003     2.4519563E-008
     2.1544347E-007     3.9297592E-012     7.2674736E-013         1.9667557E-018         1.7502420E-019         5.1161938E-017         6.5563826E-016         1.2853676E-016         0.0000000E+000         2.2871700E-019         0.0000000E+000         0.0000000E+000         0.0000000E+000         0.0000000E+000     1.0000010E-007     1.5076358E+003     2.1029015E-008
     1.9573418E-007     3.5665260E-012     5.7736852E-013         1.4149801E-018         1.2589483E-019         3.6787572E-017         4.6924869E-016         9.2677459E-017         0.0000000E+000         1.6491983E-019         0.0000000E+000         0.0000000E+000         0.0000000E+000         0.0000000E+000     1.0000008E-007     1.5076355E+003     1.8004089E-008
     1.7782794E-007     3.2368670E-012     4.5181363E-013         1.0022229E-018         8.9147806E-020         2.6038250E-017         3.3023278E-016         6.5819742E-017         0.0000000E+000         1.1713571E-019         0.0000000E+000         0.0000000E+000         0.0000000E+000         0.0000000E+000     1.0000007E-007     1.5076352E+003     1.5387547E-008
     1.6155981E-007     2.9376789E-012     3.4216121E-013         6.8623447E-019         6.1018665E-020         1.7811233E-017         2.2406865E-016         4.5237741E-017         0.0000000E+000         8.0516066E-020         0.0000000E+000         0.0000000E+000         0.0000000E+000         0.0000000E+000     1.0000005E-007     1.5076349E+003     1.3128456E-008
     1.4677993E-007     2.6661451E-012     2.5089354E-013         4.5431343E-019         4.0376707E-020         1.1775807E-017         1.4648697E-016         3.0104400E-017         0.0000000E+000         5.3589345E-020         0.0000000E+000         0.0000000E+000         0.0000000E+000         0.0000000E+000     1.0000004E-007     1.5076346E+003     1.1181599E-008
     1.3335214E-007     2.4197096E-012     1.7085357E-013         2.7832222E-019         2.4714790E-020         7.1975142E-018         8.7814488E-017         1.8604944E-017         0.0000000E+000         3.3127617E-020         0.0000000E+000         0.0000000E+000         0.0000000E+000         0.0000000E+000     1.0000003E-007     1.5076343E+003     9.5069278E-009
     1.2115277E-007     2.1960524E-012     1.0504659E-013         1.5281554E-019         1.3548804E-020         3.9351058E-018         4.6317599E-017         1.0380869E-017         0.0000000E+000         1.8492810E-020         0.0000000E+000         0.0000000E+000         0.0000000E+000         0.0000000E+000     1.0000003E-007     1.5076340E+003     8.0690517E-009
     1.1006942E-007     1.9930682E-012     4.6912568E-014         5.8950549E-020         5.2027305E-021         1.4992164E-018         1.5919161E-017         4.2053949E-018         0.0000000E+000         7.5029170E-021         0.0000000E+000         0.0000000E+000         0.0000000E+000         0.0000000E+000     1.0000001E-007     1.5076337E+003     6.8367676E-009
     1.0000000E-007     1.8088461E-012     6.0130175E-017         7.5559856E-023         6.6685989E-024         1.9216203E-021         0.0000000E+000         0.0000000E+000         0.0000000E+000         9.6168625E-024         0.0000000E+000         0.0000000E+000         0.0000000E+000         0.0000000E+000     1.0000001E-007     1.5076334E+003     5.7826267E-009
