#  lambda [mu]      optical depth
      0.250000     0.0000000E+000
      0.251667     0.0000000E+000
      0.253344     0.0000000E+000
      0.255033     0.0000000E+000
      0.256734     0.0000000E+000
      0.258445     0.0000000E+000
      0.260168     0.0000000E+000
      0.261903     0.0000000E+000
      0.263649     0.0000000E+000
      0.265406     0.0000000E+000
      0.267176     0.0000000E+000
      0.268957     0.0000000E+000
      0.270750     0.0000000E+000
      0.272555     0.0000000E+000
      0.274372     0.0000000E+000
      0.276201     0.0000000E+000
      0.278042     0.0000000E+000
      0.279896     0.0000000E+000
      0.281762     0.0000000E+000
      0.283640     0.0000000E+000
      0.285531     0.0000000E+000
      0.287435     0.0000000E+000
      0.289351     0.0000000E+000
      0.291280     0.0000000E+000
      0.293222     0.0000000E+000
      0.295177     0.0000000E+000
      0.297145     0.0000000E+000
      0.299126     0.0000000E+000
      0.301120     0.0000000E+000
      0.303127     0.0000000E+000
      0.305148     0.0000000E+000
      0.307182     0.0000000E+000
      0.309230     0.0000000E+000
      0.311292     0.0000000E+000
      0.313367     0.0000000E+000
      0.315456     0.0000000E+000
      0.317559     0.0000000E+000
      0.319676     0.0000000E+000
      0.321808     0.0000000E+000
      0.323953     0.0000000E+000
      0.326113     0.0000000E+000
      0.328287     0.0000000E+000
      0.330475     0.0000000E+000
      0.332678     0.0000000E+000
      0.334896     0.0000000E+000
      0.337129     0.0000000E+000
      0.339376     0.0000000E+000
      0.341639     0.0000000E+000
      0.343917     0.0000000E+000
      0.346209     0.0000000E+000
      0.348517     0.0000000E+000
      0.350841     0.0000000E+000
      0.353180     0.0000000E+000
      0.355534     0.0000000E+000
      0.357905     0.0000000E+000
      0.360291     0.0000000E+000
      0.362692     0.0000000E+000
      0.365110     0.0000000E+000
      0.367544     0.0000000E+000
      0.369995     0.0000000E+000
      0.372461     0.0000000E+000
      0.374945     0.0000000E+000
      0.377444     0.0000000E+000
      0.379960     0.0000000E+000
      0.382493     0.0000000E+000
      0.385043     0.0000000E+000
      0.387610     0.0000000E+000
      0.390194     0.0000000E+000
      0.392796     0.0000000E+000
      0.395414     0.0000000E+000
      0.398051     0.0000000E+000
      0.400704     0.0000000E+000
      0.403376     0.0000000E+000
      0.406065     0.0000000E+000
      0.408772     0.0000000E+000
      0.411497     0.0000000E+000
      0.414240     0.0000000E+000
      0.417002     0.0000000E+000
      0.419782     0.0000000E+000
      0.422580     0.0000000E+000
      0.425398     0.0000000E+000
      0.428234     0.0000000E+000
      0.431089     0.0000000E+000
      0.433962     0.0000000E+000
      0.436856     0.0000000E+000
      0.439768     0.0000000E+000
      0.442700     0.0000000E+000
      0.445651     0.0000000E+000
      0.448622     0.0000000E+000
      0.451613     0.0000000E+000
      0.454624     0.0000000E+000
      0.457654     0.0000000E+000
      0.460705     0.0000000E+000
      0.463777     0.0000000E+000
      0.466869     0.0000000E+000
      0.469981     0.0000000E+000
      0.473114     0.0000000E+000
      0.476268     0.0000000E+000
      0.479444     0.0000000E+000
      0.482640     0.0000000E+000
      0.485857     0.0000000E+000
      0.489096     0.0000000E+000
      0.492357     0.0000000E+000
      0.495639     0.0000000E+000
      0.498944     0.0000000E+000
      0.502270     0.0000000E+000
      0.505619     0.0000000E+000
      0.508989     0.0000000E+000
      0.512383     0.0000000E+000
      0.515798     0.0000000E+000
      0.519237     0.0000000E+000
      0.522699     0.0000000E+000
      0.526183     0.0000000E+000
      0.529691     0.0000000E+000
      0.533223     0.0000000E+000
      0.536777     0.0000000E+000
      0.540356     0.0000000E+000
      0.543958     0.0000000E+000
      0.547585     0.0000000E+000
      0.551235     0.0000000E+000
      0.554910     0.0000000E+000
      0.558609     0.0000000E+000
      0.562334     0.0000000E+000
      0.566082     0.0000000E+000
      0.569856     0.0000000E+000
      0.573655     0.0000000E+000
      0.577480     0.0000000E+000
      0.581330     0.0000000E+000
      0.585205     0.0000000E+000
      0.589106     0.0000000E+000
      0.593034     0.0000000E+000
      0.596987     0.0000000E+000
      0.600967     0.0000000E+000
      0.604974     0.0000000E+000
      0.609007     0.0000000E+000
      0.613067     0.0000000E+000
      0.617154     0.0000000E+000
      0.621268     0.0000000E+000
      0.625410     0.0000000E+000
      0.629580     0.0000000E+000
      0.633777     0.0000000E+000
      0.638002     0.0000000E+000
      0.642255     0.0000000E+000
      0.646537     0.0000000E+000
      0.650847     0.0000000E+000
      0.655186     0.0000000E+000
      0.659554     0.0000000E+000
      0.663951     0.0000000E+000
      0.668378     0.0000000E+000
      0.672833     0.0000000E+000
      0.677319     0.0000000E+000
      0.681834     0.0000000E+000
      0.686380     0.0000000E+000
      0.690956     0.0000000E+000
      0.695562     0.0000000E+000
      0.700199     0.0000000E+000
      0.704867     0.0000000E+000
      0.709566     0.0000000E+000
      0.714297     0.0000000E+000
      0.719059     0.0000000E+000
      0.723853     0.0000000E+000
      0.728678     0.0000000E+000
      0.733536     0.0000000E+000
      0.738426     0.0000000E+000
      0.743349     0.0000000E+000
      0.748305     0.0000000E+000
      0.753294     0.0000000E+000
      0.758316     0.0000000E+000
      0.763371     0.0000000E+000
      0.768460     0.0000000E+000
      0.773583     0.0000000E+000
      0.778740     0.0000000E+000
      0.783932     0.0000000E+000
      0.789158     0.0000000E+000
      0.794419     0.0000000E+000
      0.799715     0.0000000E+000
      0.805047     0.0000000E+000
      0.810414     0.0000000E+000
      0.815817     0.0000000E+000
      0.821255     0.0000000E+000
      0.826730     0.0000000E+000
      0.832242     0.0000000E+000
      0.837790     0.0000000E+000
      0.843375     0.0000000E+000
      0.848998     0.0000000E+000
      0.854658     0.0000000E+000
      0.860356     0.0000000E+000
      0.866091     0.0000000E+000
      0.871865     0.0000000E+000
      0.877678     0.0000000E+000
      0.883529     0.0000000E+000
      0.889419     0.0000000E+000
      0.895349     0.0000000E+000
      0.901318     0.0000000E+000
      0.907326     0.0000000E+000
      0.913375     0.0000000E+000
      0.919464     0.0000000E+000
      0.925594     0.0000000E+000
      0.931765     0.0000000E+000
      0.937977     0.0000000E+000
      0.944230     0.0000000E+000
      0.950525     0.0000000E+000
      0.956861     0.0000000E+000
      0.963240     0.0000000E+000
      0.969662     0.0000000E+000
      0.976126     0.0000000E+000
      0.982634     0.0000000E+000
      0.989185     0.0000000E+000
      0.995779     0.0000000E+000
      1.002418     0.0000000E+000
      1.009101     0.0000000E+000
      1.015828     0.0000000E+000
      1.022600     0.0000000E+000
      1.029418     0.0000000E+000
      1.036280     0.0000000E+000
      1.043189     0.0000000E+000
      1.050144     0.0000000E+000
      1.057145     0.0000000E+000
      1.064192     0.0000000E+000
      1.071287     0.0000000E+000
      1.078429     0.0000000E+000
      1.085618     0.0000000E+000
      1.092856     0.0000000E+000
      1.100141     0.0000000E+000
      1.107476     0.0000000E+000
      1.114859     0.0000000E+000
      1.122291     0.0000000E+000
      1.129773     0.0000000E+000
      1.137305     0.0000000E+000
      1.144887     0.0000000E+000
      1.152520     0.0000000E+000
      1.160203     0.0000000E+000
      1.167938     0.0000000E+000
      1.175724     0.0000000E+000
      1.183562     0.0000000E+000
      1.191453     0.0000000E+000
      1.199396     0.0000000E+000
      1.207392     0.0000000E+000
      1.215441     0.0000000E+000
      1.223544     0.0000000E+000
      1.231701     0.0000000E+000
      1.239912     0.0000000E+000
      1.248178     0.0000000E+000
      1.256499     0.0000000E+000
      1.264876     0.0000000E+000
      1.273308     0.0000000E+000
      1.281797     0.0000000E+000
      1.290343     0.0000000E+000
      1.298945     0.0000000E+000
      1.307604     0.0000000E+000
      1.316322     0.0000000E+000
      1.325097     0.0000000E+000
      1.333931     0.0000000E+000
      1.342824     0.0000000E+000
      1.351776     0.0000000E+000
      1.360788     0.0000000E+000
      1.369860     0.0000000E+000
      1.378992     0.0000000E+000
      1.388186     0.0000000E+000
      1.397440     0.0000000E+000
      1.406757     0.0000000E+000
      1.416135     0.0000000E+000
      1.425576     0.0000000E+000
      1.435080     0.0000000E+000
      1.444647     0.0000000E+000
      1.454278     0.0000000E+000
      1.463973     0.0000000E+000
      1.473733     0.0000000E+000
      1.483558     0.0000000E+000
      1.493448     0.0000000E+000
      1.503404     0.0000000E+000
      1.513427     0.0000000E+000
      1.523517     0.0000000E+000
      1.533673     0.0000000E+000
      1.543898     0.0000000E+000
      1.554191     0.0000000E+000
      1.564552     0.0000000E+000
      1.574982     0.0000000E+000
      1.585482     0.0000000E+000
      1.596052     0.0000000E+000
      1.606692     0.0000000E+000
      1.617404     0.0000000E+000
      1.628186     0.0000000E+000
      1.639041     0.0000000E+000
      1.649968     0.0000000E+000
      1.660968     0.0000000E+000
      1.672041     0.0000000E+000
      1.683188     0.0000000E+000
      1.694409     0.0000000E+000
      1.705705     0.0000000E+000
      1.717076     0.0000000E+000
      1.728523     0.0000000E+000
      1.740047     0.0000000E+000
      1.751647     0.0000000E+000
      1.763325     0.0000000E+000
      1.775080     0.0000000E+000
      1.786914     0.0000000E+000
      1.798827     0.0000000E+000
      1.810819     0.0000000E+000
      1.822891     0.0000000E+000
      1.835044     0.0000000E+000
      1.847278     0.0000000E+000
      1.859593     0.0000000E+000
      1.871990     0.0000000E+000
      1.884470     0.0000000E+000
      1.897033     0.0000000E+000
      1.909680     0.0000000E+000
      1.922411     0.0000000E+000
      1.935227     0.0000000E+000
      1.948129     0.0000000E+000
      1.961116     0.0000000E+000
      1.974190     0.0000000E+000
      1.987352     0.0000000E+000
      2.000601     0.0000000E+000
      2.013938     0.0000000E+000
      2.027364     0.0000000E+000
      2.040880     0.0000000E+000
      2.054486     0.0000000E+000
      2.068183     0.0000000E+000
      2.081970     0.0000000E+000
      2.095850     0.0000000E+000
      2.109823     0.0000000E+000
      2.123888     0.0000000E+000
      2.138047     0.0000000E+000
      2.152301     0.0000000E+000
      2.166650     0.0000000E+000
      2.181094     0.0000000E+000
      2.195635     0.0000000E+000
      2.210272     0.0000000E+000
      2.225007     0.0000000E+000
      2.239841     0.0000000E+000
      2.254773     0.0000000E+000
      2.269805     0.0000000E+000
      2.284937     0.0000000E+000
      2.300170     0.0000000E+000
      2.315504     0.0000000E+000
      2.330941     0.0000000E+000
      2.346480     0.0000000E+000
      2.362124     0.0000000E+000
      2.377871     0.0000000E+000
      2.393724     0.0000000E+000
      2.409682     0.0000000E+000
      2.425746     0.0000000E+000
      2.441918     0.0000000E+000
      2.458197     0.0000000E+000
      2.474585     0.0000000E+000
      2.491083     0.0000000E+000
      2.507690     0.0000000E+000
      2.524408     0.0000000E+000
      2.541237     0.0000000E+000
      2.558179     0.0000000E+000
      2.575233     0.0000000E+000
      2.592402     0.0000000E+000
      2.609684     0.0000000E+000
      2.627082     0.0000000E+000
      2.644596     0.0000000E+000
      2.662227     0.0000000E+000
      2.679975     0.0000000E+000
      2.697841     0.0000000E+000
      2.715827     0.0000000E+000
      2.733932     0.0000000E+000
      2.752159     0.0000000E+000
      2.770506     0.0000000E+000
      2.788976     0.0000000E+000
      2.807570     0.0000000E+000
      2.826287     0.0000000E+000
      2.845129     0.0000000E+000
      2.864096     0.0000000E+000
      2.883190     0.0000000E+000
      2.902411     0.0000000E+000
      2.921761     0.0000000E+000
      2.941239     0.0000000E+000
      2.960847     0.0000000E+000
      2.980586     0.0000000E+000
      3.000457     0.0000000E+000
      3.020460     0.0000000E+000
      3.040596     0.0000000E+000
      3.060867     0.0000000E+000
      3.081273     0.0000000E+000
      3.101815     0.0000000E+000
      3.122493     0.0000000E+000
      3.143310     0.0000000E+000
      3.164265     0.0000000E+000
      3.185361     0.0000000E+000
      3.206596     0.0000000E+000
      3.227974     0.0000000E+000
      3.249493     0.0000000E+000
      3.271157     0.0000000E+000
      3.292964     0.0000000E+000
      3.314918     0.0000000E+000
      3.337017     0.0000000E+000
      3.359264     0.0000000E+000
      3.381659     0.0000000E+000
      3.404203     0.0000000E+000
      3.426898     0.0000000E+000
      3.449744     0.0000000E+000
      3.472742     0.0000000E+000
      3.495894     0.0000000E+000
      3.519200     0.0000000E+000
      3.542661     0.0000000E+000
      3.566279     0.0000000E+000
      3.590054     0.0000000E+000
      3.613988     0.0000000E+000
      3.638081     0.0000000E+000
      3.662335     0.0000000E+000
      3.686750     0.0000000E+000
      3.711329     0.0000000E+000
      3.736071     0.0000000E+000
      3.760978     0.0000000E+000
      3.786051     0.0000000E+000
      3.811292     0.0000000E+000
      3.836700     0.0000000E+000
      3.862278     0.0000000E+000
      3.888027     0.0000000E+000
      3.913947     0.0000000E+000
      3.940040     0.0000000E+000
      3.966307     0.0000000E+000
      3.992749     0.0000000E+000
      4.019367     0.0000000E+000
      4.046163     0.0000000E+000
      4.073137     0.0000000E+000
      4.100292     0.0000000E+000
      4.127627     0.0000000E+000
      4.155145     0.0000000E+000
      4.182845     0.0000000E+000
      4.210731     0.0000000E+000
      4.238803     0.0000000E+000
      4.267061     0.0000000E+000
      4.295508     0.0000000E+000
      4.324145     0.0000000E+000
      4.352973     0.0000000E+000
      4.381993     0.0000000E+000
      4.411206     0.0000000E+000
      4.440614     0.0000000E+000
      4.470218     0.0000000E+000
      4.500019     0.0000000E+000
      4.530020     0.0000000E+000
      4.560220     0.0000000E+000
      4.590621     0.0000000E+000
      4.621225     0.0000000E+000
      4.652033     0.0000000E+000
      4.683047     0.0000000E+000
      4.714267     0.0000000E+000
      4.745696     0.0000000E+000
      4.777334     0.0000000E+000
      4.809183     0.0000000E+000
      4.841244     0.0000000E+000
      4.873519     0.0000000E+000
      4.906009     0.0000000E+000
      4.938716     0.0000000E+000
      4.971640     0.0000000E+000
