  1000.000000000000        1786.27321521689        7821.25811357174       1.000000000000000E-010  3.807156214369205E-006  1.571326609619651E-002  1.302371254719086E-003  7.511054605755606E-198  2.503684868585202E-198  2.503684868585202E-198  0.323087319038187       2.628893967121718E-002  2.503684868585202E-198  5.494888646163498E-002  0.594372483574242       2.503684868585202E-198
   383.118684955728        1786.19038945937        1317.30240205469       1.000000000000000E-010  5.596137142311864E-007  6.019647706698686E-003  1.302207584641732E-003  2.592522353272706E-197  8.641741177575685E-198  8.641741177575685E-198  0.323171105005096       2.628562465923971E-002  8.641741177575685E-198  5.494388709511828E-002  0.594297175655904       8.641741177575685E-198
   146.779926762207        1786.15853115256        64.4324268238371       1.000000000000000E-010  1.145310465623015E-008  2.305846845401254E-003  1.306659774468735E-003  4.184096380455667E-196  1.394698793485222E-196  1.394698793485222E-196  0.320893791814448       2.637582102142940E-002  1.394698793485222E-196  5.507679749892887E-002  0.596346929890725       1.394698793485222E-196
   56.2341325190348        1786.14624402774        12.7281636859940       1.000000000000000E-010  1.853627420185975E-009  8.831058956265759E-004  1.381785969819708E-003  9.544929578940125E-196  3.181643192980042E-196  3.181643192980042E-196  0.282687656674731       2.789978015382024E-002  3.181643192980042E-196  5.698843161347585E-002  0.631042345588153       3.181643192980042E-196
   21.5443469003188        1786.14150505301        3.86330388446089       1.000000000000000E-010  3.850484697194269E-010  3.382307549209011E-004  1.662177347939632E-003  1.754126660334557E-195  5.847088867781858E-196  5.847088867781858E-196  0.147123255085744       3.365840327281043E-002  5.847088867781858E-196  5.312458565308531E-002  0.764431578640421       5.847088867781858E-196
   8.25404185268018        1786.13967725603        1.45680635591613       1.000000000000000E-010  9.061933407212476E-011  1.295655821626451E-004  1.977206819474395E-003  2.994256925270201E-195  9.980856417567338E-196  7.172540517830618E-002  3.835734802241191E-002  4.094588043333917E-002  9.980856417567338E-196  4.949873846718509E-003  0.842044285699750       9.980856417567338E-196
   3.16227766016838        1786.13897226820       0.609148705885922       1.000000000000000E-010  1.934230624687118E-011  4.963626115760095E-005  1.936375195018009E-003  5.464149266764206E-195  1.821383088921402E-195  0.470137699910479       9.244510628473942E-003  4.426086625338736E-002  1.821383088921402E-195  1.821383088921402E-195  0.474420548012641       1.821383088921402E-195
   1.21152765862859        1786.13870034562       0.225073057265088       1.000000000000000E-010  2.800194330933194E-012  1.901552655186877E-005  1.111100652739272E-003  1.598863689247420E-194  5.329545630824735E-195  0.805276314531122       2.446472779294644E-003  3.015660107896630E-002  5.329545630824735E-195  5.329545630824735E-195  0.161009510957877       5.329545630824735E-195
  0.464158883361277        1786.13859534418       2.583686427010258E-002  1.000000000000000E-010  1.323926526092833E-014  7.284594775384045E-006  5.496701694297080E-004  1.505579504107766E-192  5.018598347025885E-193  0.915850742551826       9.591865475743377E-004  1.655661578340988E-002  5.018598347025885E-193  5.018598347025885E-193  6.608378494776057E-002  5.018598347025885E-193
  0.177827941003892        1786.08073842227       2.366689046620031E-003  1.000000000000000E-010  7.818196399784932E-018  2.790581826290503E-006  5.439330201543245E-004  9.374723931963763E-190  3.124907977321254E-190  0.917099661983815       9.344627541908018E-004  1.640441978020329E-002  3.124907977321254E-190  3.124907977321254E-190  6.501752246163750E-002  3.124907977321254E-190
  6.812920690579620E-002   1776.92334841684       1.167847483518503E-003  1.000000000000000E-010  7.359187304482949E-019  1.074448079159973E-006  6.130214290270271E-004  2.436937356471224E-189  8.123124521570746E-190  0.915850290403183       6.799093777693870E-004  1.848850768929091E-002  8.123124521570746E-190  8.123124521570746E-190  6.436827110073004E-002  8.123124521570746E-190
  2.610157215682538E-002   1717.82725298905       6.580665217452089E-003  1.000000000000000E-010  7.674381661209834E-016  4.258124999184589E-007  8.132099406984387E-004  7.950858286918899E-193  2.650286095639633E-193  0.908963374066230       3.551613560352043E-004  2.441380624579627E-002  2.650286095639633E-193  2.650286095639633E-193  6.545444839124014E-002  2.650286095639633E-193
  9.999999999999995E-003   1629.75692522602       1.777172422177239E-002  1.000000000000000E-010  7.834939730751151E-015  1.719792481995074E-007  1.308318819966129E-003  4.248354175034971E-194  1.416118058344990E-194  0.861306607350686       3.692835808247786E-004  3.669670471857150E-002  1.416118058344990E-194  1.416118058344990E-194  0.100319085529951       1.416118058344990E-194
  3.831186849557283E-003   1565.18855503360       9.325838258602755E-003  1.000000000000000E-010  1.570766456319585E-015  6.861091194520903E-008  1.874464867202041E-003  1.018606094941585E-193  3.395353649805283E-194  0.808337244301607       3.766655200655139E-004  4.965941482666017E-002  3.395353649805283E-194  3.395353649805283E-194  0.139752210484465       3.395353649805283E-194
  1.467799267622069E-003   1531.85311538570       3.264448893179816E-003  1.000000000000000E-010  8.068369551374483E-017  2.685731554167952E-008  2.108021674437615E-003  8.337394131578315E-193  2.779131377192772E-193  0.796524629421869       3.129736912472412E-004  5.528254783155349E-002  2.779131377192772E-193  2.779131377192772E-193  0.145771827380892       2.779131377192772E-193
  5.623413251903486E-004   1517.30750878123       1.216764381112849E-003  1.000000000000000E-010  2.496335719640683E-018  1.038700086374665E-008  2.187716334531303E-003  9.011411116057246E-192  3.003803705352415E-192  0.796544704065182       2.727415210868241E-004  5.746522216477422E-002  3.003803705352415E-192  3.003803705352415E-192  0.143529615914426       3.003803705352415E-192
  2.154434690031880E-004   1511.41379757097       1.034697740177567E-003  1.000000000000000E-010  6.171822664539185E-019  3.994112398472009E-009  2.229004111734567E-003  1.332437159202876E-191  4.441457197342920E-192  0.795043453721015       2.623971929529954E-004  5.849532723297789E-002  4.441457197342920E-192  4.441457197342920E-192  0.143969817741319       4.441457197342920E-192
  8.254041852680194E-005   1509.09727934241       1.007567934227370E-003  1.000000000000000E-010  1.632427485469054E-019  1.532008540923029E-009  2.255155693158619E-003  2.011036811705270E-191  6.703456039017566E-192  0.793244157542091       2.606712248942108E-004  5.908397500369030E-002  6.703456039017566E-192  6.703456039017566E-192  0.145156040536167       6.703456039017566E-192
  3.162277660168380E-005   1508.19766348762       1.000231934338229E-003  1.000000000000000E-010  1.992509691197819E-020  5.869391586046463E-010  2.275818201347255E-003  6.722436802335857E-191  2.240812267445286E-191  0.791373563166859       2.617108082218389E-004  5.951521979543532E-002  2.240812267445286E-191  2.240812267445286E-191  0.146573688028137       2.240812267445286E-191
  1.211527658628588E-005   1507.84992883773       1.000007615981731E-003  1.000000000000000E-010  1.249841731244657E-021  2.247004678257667E-010  2.288274255775354E-003  4.177844415749358E-190  1.392614805249786E-190  0.790155871702910       2.627874047205059E-004  5.976970444192831E-002  1.392614805249786E-190  1.392614805249786E-190  0.147523362194665       1.392614805249786E-190
  4.641588833612773E-006   1507.71575785340       1.000004543846782E-003  1.000000000000000E-010  6.254705386694266E-023  8.595941332746206E-011  2.294576100665837E-003  3.224349188197084E-189  1.074783062732361E-189  0.789503107275938       2.634636019182586E-004  5.990044188091782E-002  1.074783062732361E-189  1.074783062732361E-189  0.148038411140560       1.074783062732361E-189
  1.778279410038922E-006   1507.66402406174       1.000003208848979E-003  1.000000000000000E-010  2.643789584414004E-024  3.285048528898298E-011  2.300337299506903E-003  2.944181352955295E-188  9.813937843184318E-189  0.788832055957072       2.643356513266810E-004  6.002548219647939E-002  9.813937843184318E-189  9.813937843184318E-189  0.148577788895615       9.813937843184318E-189
  6.812920690579606E-007   1507.64408138166       1.000001947312458E-003  1.000000000000000E-010  9.128302384311417E-026  1.253462606396569E-011  2.312618487591778E-003  3.299351384119763E-187  1.099783794706588E-187  0.787309603715886       2.665207818297962E-004  6.029724021494148E-002  1.099783794706588E-187  1.099783794706588E-187  0.149814016799751       1.099783794706588E-187
  2.610157215682537E-007   1507.63639431722       1.000000637770618E-003  1.000000000000000E-010  2.097827539419384E-027  4.770973663230133E-012  2.355125375097300E-003  5.732965756132654E-186  1.910988585377551E-186  0.781939485083749       2.743864487294441E-004  6.123698080101659E-002  1.910988585377551E-186  1.910988585377551E-186  0.154194022291408       1.910988585377551E-186
  9.999999999999994E-008   1507.63342839528       1.000000100589511E-003  1.000000000000000E-010  1.671186921386586E-032  1.808846108638586E-012  6.397000786247080E-003  2.539841045756385E-181  8.466136819187949E-182  0.277462035556015       8.141767394534345E-004  0.162687007327526       8.466136819187949E-182  0.218380999472918       0.334258780117841       8.466136819187949E-182
