#  lambda [mu]          flux [Jy]                  F                  T
      0.250832     1.7015877E-015     0.0000000E+000     1.7015877E-015
      0.252504     2.2636112E-015     0.0000000E+000     2.2636112E-015
      0.254188     3.0045558E-015     0.0000000E+000     3.0045558E-015
      0.255882     3.9756290E-015     0.0000000E+000     3.9756290E-015
      0.257588     5.1296004E-015     0.0000000E+000     5.1296004E-015
      0.259305     6.6030109E-015     0.0000000E+000     6.6030109E-015
      0.261034     8.4625878E-015     0.0000000E+000     8.4625878E-015
      0.262774     1.0317040E-014     0.0000000E+000     1.0317040E-014
      0.264526     1.2497493E-014     0.0000000E+000     1.2497493E-014
      0.266290     1.5048113E-014     0.0000000E+000     1.5048113E-014
      0.268065     1.8288806E-014     0.0000000E+000     1.8288806E-014
      0.269852     2.2121138E-014     0.0000000E+000     2.2121138E-014
      0.271651     2.6682038E-014     0.0000000E+000     2.6682038E-014
      0.273462     3.2875235E-014     0.0000000E+000     3.2875235E-014
      0.275285     4.0383586E-014     0.0000000E+000     4.0383586E-014
      0.277120     4.9548408E-014     0.0000000E+000     4.9548408E-014
      0.278968     6.1634318E-014     0.0000000E+000     6.1634318E-014
      0.280827     7.6452899E-014     0.0000000E+000     7.6452899E-014
      0.282700     9.4670156E-014     0.0000000E+000     9.4670156E-014
      0.284584     1.1781806E-013     0.0000000E+000     1.1781806E-013
      0.286482     1.4622122E-013     0.0000000E+000     1.4622122E-013
      0.288391     1.8120964E-013     0.0000000E+000     1.8120964E-013
      0.290314     2.2570338E-013     0.0000000E+000     2.2570338E-013
      0.292249     2.8030251E-013     0.0000000E+000     2.8030251E-013
      0.294198     3.4600906E-013     0.0000000E+000     3.4600906E-013
      0.296159     4.1881270E-013     0.0000000E+000     4.1881270E-013
      0.298133     5.0568836E-013     0.0000000E+000     5.0568836E-013
      0.300121     6.0688782E-013     0.0000000E+000     6.0688782E-013
      0.302122     1.5866539E-012     0.0000000E+000     1.5866539E-012
      0.304136     1.9776496E-012     0.0000000E+000     1.9776496E-012
      0.306164     2.5061034E-012     0.0000000E+000     2.5061034E-012
      0.308205     3.2621795E-012     0.0000000E+000     3.2621795E-012
      0.310259     4.3522061E-012     0.0000000E+000     4.3522061E-012
      0.312328     5.9697329E-012     0.0000000E+000     5.9697329E-012
      0.314410     8.4551112E-012     0.0000000E+000     8.4551112E-012
      0.316506     1.2506769E-011     0.0000000E+000     1.2506769E-011
      0.318616     1.9530441E-011     0.0000000E+000     1.9530441E-011
      0.320740     3.2754192E-011     0.0000000E+000     3.2754192E-011
      0.322878     6.0596739E-011     0.0000000E+000     6.0596739E-011
      0.325031     1.2913069E-010     0.0000000E+000     1.2913069E-010
      0.327198     3.3286803E-010     0.0000000E+000     3.3286803E-010
      0.329379     7.5461666E-010     0.0000000E+000     7.5461666E-010
      0.331575     8.6906067E-010     0.0000000E+000     8.6906067E-010
      0.333785     4.8391811E-010     0.0000000E+000     4.8391811E-010
      0.336011     2.6506765E-010     0.0000000E+000     2.6506765E-010
      0.338251     1.7600829E-010     0.0000000E+000     1.7600829E-010
      0.340506     1.3425470E-010     0.0000000E+000     1.3425470E-010
      0.342776     1.1183940E-010     0.0000000E+000     1.1183940E-010
      0.345061     9.9538179E-011     0.0000000E+000     9.9538179E-011
      0.347361     9.3143287E-011     0.0000000E+000     9.3143287E-011
      0.349677     9.0397376E-011     0.0000000E+000     9.0397376E-011
      0.352008     9.0167601E-011     0.0000000E+000     9.0167601E-011
      0.354355     9.1774800E-011     0.0000000E+000     9.1774800E-011
      0.356717     9.4880644E-011     0.0000000E+000     9.4880644E-011
      0.359096     9.9266953E-011     0.0000000E+000     9.9266953E-011
      0.361490     1.0481430E-010     0.0000000E+000     1.0481430E-010
      0.363899     1.1159650E-010     0.0000000E+000     1.1159650E-010
      0.366325     1.1954907E-010     0.0000000E+000     1.1954907E-010
      0.368768     1.2872334E-010     0.0000000E+000     1.2872334E-010
      0.371226     1.3917181E-010     0.0000000E+000     1.3917181E-010
      0.373701     1.5096351E-010     0.0000000E+000     1.5096351E-010
      0.376192     1.6419450E-010     0.0000000E+000     1.6419450E-010
      0.378700     1.7899807E-010     0.0000000E+000     1.7899807E-010
      0.381225     1.9612175E-010     0.0000000E+000     1.9612175E-010
      0.383766     2.1626632E-010     0.0000000E+000     2.1626632E-010
      0.386325     2.3807713E-010     0.0000000E+000     2.3807713E-010
      0.388900     1.9094868E-010     0.0000000E+000     1.9094868E-010
      0.391493     2.0011959E-010     0.0000000E+000     2.0011959E-010
      0.394103     2.2504357E-010     0.0000000E+000     2.2504357E-010
      0.396730     2.5468315E-010     0.0000000E+000     2.5468315E-010
      0.399375     2.8969380E-010     0.0000000E+000     2.8969380E-010
      0.402038     3.2886398E-010     0.0000000E+000     3.2886398E-010
      0.404718     3.7277600E-010     0.0000000E+000     3.7277600E-010
      0.407416     4.2191478E-010     0.0000000E+000     4.2191478E-010
      0.410132     4.7701826E-010     0.0000000E+000     4.7701826E-010
      0.412866     5.9405882E-010     0.0000000E+000     5.9405882E-010
      0.415619     1.2056155E-009     0.0000000E+000     1.2056155E-009
      0.418390     1.3301947E-009     0.0000000E+000     1.3301947E-009
      0.421179     9.4594062E-010     0.0000000E+000     9.4594062E-010
      0.423987     2.4656776E-009     0.0000000E+000     2.4656776E-009
      0.426813     1.7797477E-009     0.0000000E+000     1.7797477E-009
      0.429659     2.1659424E-009     0.0000000E+000     2.1659424E-009
      0.432523     3.2650027E-009     0.0000000E+000     3.2650027E-009
      0.435407     1.5765193E-009     0.0000000E+000     1.5765193E-009
      0.438309     2.7542734E-009     0.0000000E+000     2.7542734E-009
      0.441231     2.8576449E-009     0.0000000E+000     2.8576449E-009
      0.444173     2.0189755E-009     0.0000000E+000     2.0189755E-009
      0.447134     2.2145758E-009     0.0000000E+000     2.2145758E-009
      0.450115     7.9566036E-009     0.0000000E+000     7.9566036E-009
      0.453116     3.3099121E-009     0.0000000E+000     3.3099121E-009
      0.456136     3.0548266E-009     0.0000000E+000     3.0548266E-009
      0.459177     3.3057084E-009     0.0000000E+000     3.3057084E-009
      0.462239     3.6164863E-009     0.0000000E+000     3.6164863E-009
      0.465320     1.4591931E-008     0.0000000E+000     1.4591931E-008
      0.468422     7.4710374E-009     0.0000000E+000     7.4710374E-009
      0.471545     4.9088611E-009     0.0000000E+000     4.9088611E-009
      0.474689     1.1726163E-008     0.0000000E+000     1.1726163E-008
      0.477853     6.5725239E-009     0.0000000E+000     6.5725239E-009
      0.481039     6.5881898E-009     0.0000000E+000     6.5881898E-009
      0.484246     7.2973990E-009     0.0000000E+000     7.2973990E-009
      0.487474     8.0919155E-009     0.0000000E+000     8.0919155E-009
      0.490724     8.9794326E-009     0.0000000E+000     8.9794326E-009
      0.493996     1.1898000E-008     0.0000000E+000     1.1898000E-008
      0.497289     1.0538542E-007     0.0000000E+000     1.0538542E-007
      0.500604     3.0243536E-007     0.0000000E+000     3.0243536E-007
      0.503941     6.1320740E-007     0.0000000E+000     6.1320740E-007
      0.507301     1.1130033E-006     0.0000000E+000     1.1130033E-006
      0.510683     1.5868908E-006     0.0000000E+000     1.5868908E-006
      0.514088     1.8879164E-006     0.0000000E+000     1.8879164E-006
      0.517515     2.0932413E-006     0.0000000E+000     2.0932413E-006
      0.520965     2.2830419E-006     0.0000000E+000     2.2830419E-006
      0.524438     2.4848211E-006     0.0000000E+000     2.4848211E-006
      0.527934     2.7019300E-006     0.0000000E+000     2.7019300E-006
      0.531454     2.9332090E-006     0.0000000E+000     2.9332090E-006
      0.534997     3.1711296E-006     0.0000000E+000     3.1711296E-006
      0.538564     3.4402512E-006     0.0000000E+000     3.4402512E-006
      0.542154     3.7153008E-006     0.0000000E+000     3.7153008E-006
      0.545768     4.0082266E-006     0.0000000E+000     4.0082266E-006
      0.549407     4.3136291E-006     0.0000000E+000     4.3136291E-006
      0.553070     4.6332421E-006     0.0000000E+000     4.6332421E-006
      0.556757     4.9695134E-006     0.0000000E+000     4.9695134E-006
      0.560468     5.3082807E-006     0.0000000E+000     5.3082807E-006
      0.564205     5.6520868E-006     0.0000000E+000     5.6520868E-006
      0.567966     6.0181190E-006     0.0000000E+000     6.0181190E-006
      0.571753     6.3146716E-006     0.0000000E+000     6.3146716E-006
      0.575564     6.5056723E-006     0.0000000E+000     6.5056723E-006
      0.579401     6.6445899E-006     0.0000000E+000     6.6445899E-006
      0.583264     6.2275953E-006     0.0000000E+000     6.2275953E-006
      0.587153     3.8944717E-006     0.0000000E+000     3.8944717E-006
      0.591067     4.2160275E-006     0.0000000E+000     4.2160275E-006
      0.595007     8.4491087E-006     0.0000000E+000     8.4491087E-006
      0.598974     1.0118650E-005     0.0000000E+000     1.0118650E-005
      0.602967     1.1320640E-005     0.0000000E+000     1.1320640E-005
      0.606987     1.2458560E-005     0.0000000E+000     1.2458560E-005
      0.611034     1.3583755E-005     0.0000000E+000     1.3583755E-005
      0.615107     1.4698421E-005     0.0000000E+000     1.4698421E-005
      0.619208     1.5868383E-005     0.0000000E+000     1.5868383E-005
      0.623336     1.7057870E-005     0.0000000E+000     1.7057870E-005
      0.627491     1.8315197E-005     0.0000000E+000     1.8315197E-005
      0.631675     1.9638343E-005     0.0000000E+000     1.9638343E-005
      0.635886     2.1022968E-005     0.0000000E+000     2.1022968E-005
      0.640125     2.2474815E-005     0.0000000E+000     2.2474815E-005
      0.644393     2.3992083E-005     0.0000000E+000     2.3992083E-005
      0.648689     2.5579935E-005     0.0000000E+000     2.5579935E-005
      0.653013     2.7247706E-005     0.0000000E+000     2.7247706E-005
      0.657367     2.8988916E-005     0.0000000E+000     2.8988916E-005
      0.661749     3.0806513E-005     0.0000000E+000     3.0806513E-005
      0.666161     3.2704264E-005     0.0000000E+000     3.2704264E-005
      0.670602     3.4665281E-005     0.0000000E+000     3.4665281E-005
      0.675072     3.6685563E-005     0.0000000E+000     3.6685563E-005
      0.679573     3.8770677E-005     0.0000000E+000     3.8770677E-005
      0.684103     4.0906876E-005     0.0000000E+000     4.0906876E-005
      0.688664     4.3112900E-005     0.0000000E+000     4.3112900E-005
      0.693255     4.5408910E-005     0.0000000E+000     4.5408910E-005
      0.697877     4.7648615E-005     0.0000000E+000     4.7648615E-005
      0.702529     4.9860724E-005     0.0000000E+000     4.9860724E-005
      0.707213     5.2113837E-005     0.0000000E+000     5.2113837E-005
      0.711928     5.4525554E-005     0.0000000E+000     5.4525554E-005
      0.716674     5.7013966E-005     0.0000000E+000     5.7013966E-005
      0.721452     5.9196531E-005     0.0000000E+000     5.9196531E-005
      0.726261     6.1274661E-005     0.0000000E+000     6.1274661E-005
      0.731103     6.3509339E-005     0.0000000E+000     6.3509339E-005
      0.735977     6.6597189E-005     0.0000000E+000     6.6597189E-005
      0.740884     7.7474136E-005     0.0000000E+000     7.7474136E-005
      0.745823     8.4289744E-005     0.0000000E+000     8.4289744E-005
      0.750795     8.9889761E-005     0.0000000E+000     8.9889761E-005
      0.755800     9.4698129E-005     0.0000000E+000     9.4698129E-005
      0.760839     9.5980004E-005     0.0000000E+000     9.5980004E-005
      0.765911     6.9147775E-005     0.0000000E+000     6.9147775E-005
      0.771017     8.0897327E-005     0.0000000E+000     8.0897327E-005
      0.776157     1.1370766E-004     0.0000000E+000     1.1370766E-004
      0.781332     1.2168163E-004     0.0000000E+000     1.2168163E-004
      0.786541     1.2809508E-004     0.0000000E+000     1.2809508E-004
      0.791784     1.3417044E-004     0.0000000E+000     1.3417044E-004
      0.797063     1.3900306E-004     0.0000000E+000     1.3900306E-004
      0.802377     1.4331689E-004     0.0000000E+000     1.4331689E-004
      0.807726     1.4801562E-004     0.0000000E+000     1.4801562E-004
      0.813111     1.5303748E-004     0.0000000E+000     1.5303748E-004
      0.818531     1.5836379E-004     0.0000000E+000     1.5836379E-004
      0.823988     1.6103496E-004     0.0000000E+000     1.6103496E-004
      0.829482     1.6584890E-004     0.0000000E+000     1.6584890E-004
      0.835011     1.6987420E-004     0.0000000E+000     1.6987420E-004
      0.840578     1.7440220E-004     0.0000000E+000     1.7440220E-004
      0.846182     1.7771680E-004     0.0000000E+000     1.7771680E-004
      0.851823     1.8114129E-004     0.0000000E+000     1.8114129E-004
      0.857502     1.8469673E-004     0.0000000E+000     1.8469673E-004
      0.863219     1.8787227E-004     0.0000000E+000     1.8787227E-004
      0.868974     1.9104686E-004     0.0000000E+000     1.9104686E-004
      0.874767     1.9464870E-004     0.0000000E+000     1.9464870E-004
      0.880598     1.9753269E-004     0.0000000E+000     1.9753269E-004
      0.886469     2.0006409E-004     0.0000000E+000     2.0006409E-004
      0.892379     2.1111747E-004     0.0000000E+000     2.1111747E-004
      0.898328     2.1367687E-004     0.0000000E+000     2.1367687E-004
      0.904317     2.1141278E-004     0.0000000E+000     2.1141278E-004
      0.910346     2.1713753E-004     0.0000000E+000     2.1713753E-004
      0.916415     2.2759304E-004     0.0000000E+000     2.2759304E-004
      0.922524     2.3178180E-004     0.0000000E+000     2.3178180E-004
      0.928674     2.7880988E-004     0.0000000E+000     2.7880988E-004
      0.934865     2.9434464E-004     0.0000000E+000     2.9434464E-004
      0.941098     2.9754119E-004     0.0000000E+000     2.9754119E-004
      0.947372     2.9888439E-004     0.0000000E+000     2.9888439E-004
      0.953688     3.0474724E-004     0.0000000E+000     3.0474724E-004
      0.960046     3.1765170E-004     0.0000000E+000     3.1765170E-004
      0.966446     3.3257254E-004     0.0000000E+000     3.3257254E-004
      0.972889     3.4794892E-004     0.0000000E+000     3.4794892E-004
      0.979375     3.5852320E-004     0.0000000E+000     3.5852320E-004
      0.985904     3.5852053E-004     0.0000000E+000     3.5852053E-004
      0.992477     3.5108572E-004     0.0000000E+000     3.5108572E-004
      0.999093     3.5009374E-004     0.0000000E+000     3.5009374E-004
      1.005754     3.4794228E-004     0.0000000E+000     3.4794228E-004
      1.012459     3.3678174E-004     0.0000000E+000     3.3678174E-004
      1.019209     3.3042367E-004     0.0000000E+000     3.3042367E-004
      1.026003     3.2324259E-004     0.0000000E+000     3.2324259E-004
      1.032843     3.0443486E-004     0.0000000E+000     3.0443486E-004
      1.039729     2.9114906E-004     0.0000000E+000     2.9114906E-004
      1.046660     2.8653657E-004     0.0000000E+000     2.8653657E-004
      1.053638     2.7573917E-004     0.0000000E+000     2.7573917E-004
      1.060662     2.7000048E-004     0.0000000E+000     2.7000048E-004
      1.067734     2.6587460E-004     0.0000000E+000     2.6587460E-004
      1.074852     2.6937961E-004     0.0000000E+000     2.6937961E-004
      1.082017     2.7227958E-004     0.0000000E+000     2.7227958E-004
      1.089231     4.0145445E-004     0.0000000E+000     4.0145445E-004
      1.096492     5.7418052E-004     0.0000000E+000     5.7418052E-004
      1.103802     6.1203215E-004     0.0000000E+000     6.1203215E-004
      1.111161     6.6694271E-004     0.0000000E+000     6.6694271E-004
      1.118569     7.0546471E-004     0.0000000E+000     7.0546471E-004
      1.126026     7.1700287E-004     0.0000000E+000     7.1700287E-004
      1.133533     8.0929527E-004     0.0000000E+000     8.0929527E-004
      1.141090     8.5668819E-004     0.0000000E+000     8.5668819E-004
      1.148697     8.4724109E-004     0.0000000E+000     8.4724109E-004
      1.156355     8.8100270E-004     0.0000000E+000     8.8100270E-004
      1.164064     9.1940376E-004     0.0000000E+000     9.1940376E-004
      1.171824     9.6424502E-004     0.0000000E+000     9.6424502E-004
      1.179637     9.8660982E-004     0.0000000E+000     9.8660982E-004
      1.187501     9.6694795E-004     0.0000000E+000     9.6694795E-004
      1.195417     9.5658922E-004     0.0000000E+000     9.5658922E-004
      1.203387     9.5082477E-004     0.0000000E+000     9.5082477E-004
      1.211409     9.5283001E-004     0.0000000E+000     9.5283001E-004
      1.219486     9.3671514E-004     0.0000000E+000     9.3671514E-004
      1.227615     9.0902399E-004     0.0000000E+000     9.0902399E-004
      1.235800     8.9417756E-004     0.0000000E+000     8.9417756E-004
      1.244038     9.2024295E-004     0.0000000E+000     9.2024295E-004
      1.252332     9.1581810E-004     0.0000000E+000     9.1581810E-004
      1.260681     8.4896002E-004     0.0000000E+000     8.4896002E-004
      1.269085     8.5386910E-004     0.0000000E+000     8.5386910E-004
      1.277546     8.5401892E-004     0.0000000E+000     8.5401892E-004
      1.286063     8.8240541E-004     0.0000000E+000     8.8240541E-004
      1.294637     9.1372119E-004     0.0000000E+000     9.1372119E-004
      1.303267     9.8588272E-004     0.0000000E+000     9.8588272E-004
      1.311956     1.1182653E-003     0.0000000E+000     1.1182653E-003
      1.320702     1.2408589E-003     0.0000000E+000     1.2408589E-003
      1.329507     1.4629547E-003     0.0000000E+000     1.4629547E-003
      1.338370     1.5867295E-003     0.0000000E+000     1.5867295E-003
      1.347293     1.6026998E-003     0.0000000E+000     1.6026998E-003
      1.356275     1.6168037E-003     0.0000000E+000     1.6168037E-003
      1.365317     1.6691159E-003     0.0000000E+000     1.6691159E-003
      1.374419     1.7094354E-003     0.0000000E+000     1.7094354E-003
      1.383581     1.7622661E-003     0.0000000E+000     1.7622661E-003
      1.392805     1.7828765E-003     0.0000000E+000     1.7828765E-003
      1.402091     1.7945928E-003     0.0000000E+000     1.7945928E-003
      1.411438     1.8024391E-003     0.0000000E+000     1.8024391E-003
      1.420848     1.8171132E-003     0.0000000E+000     1.8171132E-003
      1.430320     1.8504821E-003     0.0000000E+000     1.8504821E-003
      1.439855     1.9164877E-003     0.0000000E+000     1.9164877E-003
      1.449454     1.9702685E-003     0.0000000E+000     1.9702685E-003
      1.459117     2.0299976E-003     0.0000000E+000     2.0299976E-003
      1.468845     2.0764868E-003     0.0000000E+000     2.0764868E-003
      1.478637     2.1171642E-003     0.0000000E+000     2.1171642E-003
      1.488495     2.1778997E-003     0.0000000E+000     2.1778997E-003
      1.498418     2.2197475E-003     0.0000000E+000     2.2197475E-003
      1.508407     2.2889844E-003     0.0000000E+000     2.2889844E-003
      1.518464     2.3476931E-003     0.0000000E+000     2.3476931E-003
      1.528587     2.4002470E-003     0.0000000E+000     2.4002470E-003
      1.538777     2.4612409E-003     0.0000000E+000     2.4612409E-003
      1.549036     2.5191660E-003     0.0000000E+000     2.5191660E-003
      1.559363     2.5625801E-003     0.0000000E+000     2.5625801E-003
      1.569758     2.6145374E-003     0.0000000E+000     2.6145374E-003
      1.580223     2.6538977E-003     0.0000000E+000     2.6538977E-003
      1.590758     2.6845936E-003     0.0000000E+000     2.6845936E-003
      1.601363     2.7141261E-003     0.0000000E+000     2.7141261E-003
      1.612039     2.7330453E-003     0.0000000E+000     2.7330453E-003
      1.622786     2.7531313E-003     0.0000000E+000     2.7531313E-003
      1.633605     2.7674271E-003     0.0000000E+000     2.7674271E-003
      1.644495     2.7831577E-003     0.0000000E+000     2.7831577E-003
      1.655459     2.8171438E-003     0.0000000E+000     2.8171438E-003
      1.666495     2.8299407E-003     0.0000000E+000     2.8299407E-003
      1.677605     2.8536182E-003     0.0000000E+000     2.8536182E-003
      1.688789     2.9106114E-003     0.0000000E+000     2.9106114E-003
      1.700048     2.9920838E-003     0.0000000E+000     2.9920838E-003
      1.711381     3.0700782E-003     0.0000000E+000     3.0700782E-003
      1.722790     3.1225079E-003     0.0000000E+000     3.1225079E-003
      1.734276     3.1529886E-003     0.0000000E+000     3.1529886E-003
      1.745838     3.1620587E-003     0.0000000E+000     3.1620587E-003
      1.757476     3.1727869E-003     0.0000000E+000     3.1727869E-003
      1.769193     3.1736669E-003     0.0000000E+000     3.1736669E-003
      1.780988     3.1653751E-003     0.0000000E+000     3.1653751E-003
      1.792861     3.1774190E-003     0.0000000E+000     3.1774190E-003
      1.804813     3.1596937E-003     0.0000000E+000     3.1596937E-003
      1.816845     3.1961809E-003     0.0000000E+000     3.1961809E-003
      1.828958     3.2270918E-003     0.0000000E+000     3.2270918E-003
      1.841151     3.2166323E-003     0.0000000E+000     3.2166323E-003
      1.853425     3.1563183E-003     0.0000000E+000     3.1563183E-003
      1.865781     3.2212233E-003     0.0000000E+000     3.2212233E-003
      1.878220     3.2765865E-003     0.0000000E+000     3.2765865E-003
      1.890741     3.3544153E-003     0.0000000E+000     3.3544153E-003
      1.903346     3.4417835E-003     0.0000000E+000     3.4417835E-003
      1.916035     3.4689356E-003     0.0000000E+000     3.4689356E-003
      1.928809     3.5011441E-003     0.0000000E+000     3.5011441E-003
      1.941667     3.5035738E-003     0.0000000E+000     3.5035738E-003
      1.954612     3.5375064E-003     0.0000000E+000     3.5375064E-003
      1.967643     3.5563630E-003     0.0000000E+000     3.5563630E-003
      1.980760     3.5782578E-003     0.0000000E+000     3.5782578E-003
      1.993965     3.5905035E-003     0.0000000E+000     3.5905035E-003
      2.007258     3.6301650E-003     0.0000000E+000     3.6301650E-003
      2.020640     3.6899737E-003     0.0000000E+000     3.6899737E-003
      2.034111     3.7587812E-003     0.0000000E+000     3.7587812E-003
      2.047672     3.8186694E-003     0.0000000E+000     3.8186694E-003
      2.061323     3.9023064E-003     0.0000000E+000     3.9023064E-003
      2.075065     3.9689426E-003     0.0000000E+000     3.9689426E-003
      2.088899     4.0355514E-003     0.0000000E+000     4.0355514E-003
      2.102825     4.0975083E-003     0.0000000E+000     4.0975083E-003
      2.116844     4.1586330E-003     0.0000000E+000     4.1586330E-003
      2.130956     4.2053890E-003     0.0000000E+000     4.2053890E-003
      2.145162     4.2438323E-003     0.0000000E+000     4.2438323E-003
      2.159463     4.2822917E-003     0.0000000E+000     4.2822917E-003
      2.173860     4.3109458E-003     0.0000000E+000     4.3109458E-003
      2.188352     4.3374445E-003     0.0000000E+000     4.3374445E-003
      2.202941     4.3577979E-003     0.0000000E+000     4.3577979E-003
      2.217627     4.3782763E-003     0.0000000E+000     4.3782763E-003
      2.232412     4.3992057E-003     0.0000000E+000     4.3992057E-003
      2.247294     4.4145830E-003     0.0000000E+000     4.4145830E-003
      2.262276     4.4302705E-003     0.0000000E+000     4.4302705E-003
      2.277358     4.4485913E-003     0.0000000E+000     4.4485913E-003
      2.292541     4.3828985E-003     0.0000000E+000     4.3828985E-003
      2.307824     4.4130142E-003     0.0000000E+000     4.4130142E-003
      2.323210     4.3729923E-003     0.0000000E+000     4.3729923E-003
      2.338698     4.4010560E-003     0.0000000E+000     4.4010560E-003
      2.354289     4.3783531E-003     0.0000000E+000     4.3783531E-003
      2.369984     4.3984937E-003     0.0000000E+000     4.3984937E-003
      2.385784     4.3740821E-003     0.0000000E+000     4.3740821E-003
      2.401689     4.3577959E-003     0.0000000E+000     4.3577959E-003
      2.417701     4.2991576E-003     0.0000000E+000     4.2991576E-003
      2.433819     4.2387430E-003     0.0000000E+000     4.2387430E-003
      2.450044     4.1954500E-003     0.0000000E+000     4.1954500E-003
      2.466378     4.1688500E-003     0.0000000E+000     4.1688500E-003
      2.482820     4.1377140E-003     0.0000000E+000     4.1377140E-003
      2.499372     4.1145944E-003     0.0000000E+000     4.1145944E-003
      2.516035     4.0710130E-003     0.0000000E+000     4.0710130E-003
      2.532809     4.0427637E-003     0.0000000E+000     4.0427637E-003
      2.549694     4.0632311E-003     0.0000000E+000     4.0632311E-003
      2.566692     4.0409112E-003     0.0000000E+000     4.0409112E-003
      2.583803     4.0623057E-003     0.0000000E+000     4.0623057E-003
      2.601029     4.0909470E-003     0.0000000E+000     4.0909470E-003
      2.618369     4.1297737E-003     0.0000000E+000     4.1297737E-003
      2.635824     4.1395727E-003     0.0000000E+000     4.1395727E-003
      2.653397     4.2203843E-003     0.0000000E+000     4.2203843E-003
      2.671086     4.1776328E-003     0.0000000E+000     4.1776328E-003
      2.688893     4.1373860E-003     0.0000000E+000     4.1373860E-003
      2.706819     4.1197299E-003     0.0000000E+000     4.1197299E-003
      2.724865     4.0887081E-003     0.0000000E+000     4.0887081E-003
      2.743030     4.0550507E-003     0.0000000E+000     4.0550507E-003
      2.761317     4.0558923E-003     0.0000000E+000     4.0558923E-003
      2.779726     4.0517581E-003     0.0000000E+000     4.0517581E-003
      2.798258     4.0707555E-003     0.0000000E+000     4.0707555E-003
      2.816913     4.0218655E-003     0.0000000E+000     4.0218655E-003
      2.835692     4.0690647E-003     0.0000000E+000     4.0690647E-003
      2.854597     4.0631199E-003     0.0000000E+000     4.0631199E-003
      2.873627     4.0890004E-003     0.0000000E+000     4.0890004E-003
      2.892785     4.0839894E-003     0.0000000E+000     4.0839894E-003
      2.912070     4.0244133E-003     0.0000000E+000     4.0244133E-003
      2.931484     4.0790336E-003     0.0000000E+000     4.0790336E-003
      2.951027     4.0553884E-003     0.0000000E+000     4.0553884E-003
      2.970701     4.0890012E-003     0.0000000E+000     4.0890012E-003
      2.990505     4.1055947E-003     0.0000000E+000     4.1055947E-003
      3.010442     4.1156760E-003     0.0000000E+000     4.1156760E-003
      3.030512     4.1321050E-003     0.0000000E+000     4.1321050E-003
      3.050715     4.1376144E-003     0.0000000E+000     4.1376144E-003
      3.071053     4.1960212E-003     0.0000000E+000     4.1960212E-003
      3.091527     4.2059382E-003     0.0000000E+000     4.2059382E-003
      3.112137     4.2286732E-003     0.0000000E+000     4.2286732E-003
      3.132884     4.2624813E-003     0.0000000E+000     4.2624813E-003
      3.153770     4.3010584E-003     0.0000000E+000     4.3010584E-003
      3.174796     4.3083210E-003     0.0000000E+000     4.3083210E-003
      3.195961     4.2964431E-003     0.0000000E+000     4.2964431E-003
      3.217267     4.3658095E-003     0.0000000E+000     4.3658095E-003
      3.238716     4.3747604E-003     0.0000000E+000     4.3747604E-003
      3.260307     4.4309860E-003     0.0000000E+000     4.4309860E-003
      3.282043     4.4138546E-003     0.0000000E+000     4.4138546E-003
      3.303923     4.4115022E-003     0.0000000E+000     4.4115022E-003
      3.325949     4.4594578E-003     0.0000000E+000     4.4594578E-003
      3.348122     4.4346852E-003     0.0000000E+000     4.4346852E-003
      3.370443     4.4508523E-003     0.0000000E+000     4.4508523E-003
      3.392912     4.4515815E-003     0.0000000E+000     4.4515815E-003
      3.415532     4.4445031E-003     0.0000000E+000     4.4445031E-003
      3.438302     4.4511427E-003     0.0000000E+000     4.4511427E-003
      3.461224     4.4553720E-003     0.0000000E+000     4.4553720E-003
      3.484299     4.4405729E-003     0.0000000E+000     4.4405729E-003
      3.507527     4.4557924E-003     0.0000000E+000     4.4557924E-003
      3.530911     4.4480833E-003     0.0000000E+000     4.4480833E-003
      3.554450     4.4583697E-003     0.0000000E+000     4.4583697E-003
      3.578147     4.4530780E-003     0.0000000E+000     4.4530780E-003
      3.602001     4.4499611E-003     0.0000000E+000     4.4499611E-003
      3.626014     4.4474354E-003     0.0000000E+000     4.4474354E-003
      3.650188     4.4434866E-003     0.0000000E+000     4.4434866E-003
      3.674522     4.4381954E-003     0.0000000E+000     4.4381954E-003
      3.699019     4.4326022E-003     0.0000000E+000     4.4326022E-003
      3.723679     4.4261330E-003     0.0000000E+000     4.4261330E-003
      3.748504     4.4127029E-003     0.0000000E+000     4.4127029E-003
      3.773494     4.4046504E-003     0.0000000E+000     4.4046504E-003
      3.798651     4.3923590E-003     0.0000000E+000     4.3923590E-003
      3.823975     4.3714471E-003     0.0000000E+000     4.3714471E-003
      3.849468     4.3664822E-003     0.0000000E+000     4.3664822E-003
      3.875131     4.3479918E-003     0.0000000E+000     4.3479918E-003
      3.900965     4.3281496E-003     0.0000000E+000     4.3281496E-003
      3.926972     4.3137401E-003     0.0000000E+000     4.3137401E-003
      3.953152     4.2931876E-003     0.0000000E+000     4.2931876E-003
      3.979506     4.2658136E-003     0.0000000E+000     4.2658136E-003
      4.006036     4.2434054E-003     0.0000000E+000     4.2434054E-003
      4.032743     4.2116594E-003     0.0000000E+000     4.2116594E-003
      4.059628     4.1845002E-003     0.0000000E+000     4.1845002E-003
      4.086692     4.1246143E-003     0.0000000E+000     4.1246143E-003
      4.113937     4.1073060E-003     0.0000000E+000     4.1073060E-003
      4.141363     4.0689170E-003     0.0000000E+000     4.0689170E-003
      4.168972     4.0292694E-003     0.0000000E+000     4.0292694E-003
      4.196765     4.0009757E-003     0.0000000E+000     4.0009757E-003
      4.224744     3.9604467E-003     0.0000000E+000     3.9604467E-003
      4.252909     3.9039572E-003     0.0000000E+000     3.9039572E-003
      4.281261     3.8862722E-003     0.0000000E+000     3.8862722E-003
      4.309803     3.8398310E-003     0.0000000E+000     3.8398310E-003
      4.338535     3.7975094E-003     0.0000000E+000     3.7975094E-003
      4.367459     3.7688401E-003     0.0000000E+000     3.7688401E-003
      4.396575     3.7293184E-003     0.0000000E+000     3.7293184E-003
      4.425885     3.6708190E-003     0.0000000E+000     3.6708190E-003
      4.455391     3.6911259E-003     0.0000000E+000     3.6911259E-003
      4.485094     3.6662170E-003     0.0000000E+000     3.6662170E-003
      4.514995     3.6200197E-003     0.0000000E+000     3.6200197E-003
      4.545095     3.6318238E-003     0.0000000E+000     3.6318238E-003
      4.575395     3.6095791E-003     0.0000000E+000     3.6095791E-003
      4.605898     3.5942739E-003     0.0000000E+000     3.5942739E-003
      4.636604     3.5235034E-003     0.0000000E+000     3.5235034E-003
      4.667515     3.5245516E-003     0.0000000E+000     3.5245516E-003
      4.698631     3.5061482E-003     0.0000000E+000     3.5061482E-003
      4.729955     3.4891636E-003     0.0000000E+000     3.4891636E-003
      4.761489     3.4421909E-003     0.0000000E+000     3.4421909E-003
      4.793232     3.4151580E-003     0.0000000E+000     3.4151580E-003
      4.825187     3.3966844E-003     0.0000000E+000     3.3966844E-003
      4.857355     3.3751744E-003     0.0000000E+000     3.3751744E-003
      4.889737     3.3512822E-003     0.0000000E+000     3.3512822E-003
      4.922335     3.3312751E-003     0.0000000E+000     3.3312751E-003
      4.955151     3.2915720E-003     0.0000000E+000     3.2915720E-003
      4.985800     3.2919284E-003     0.0000000E+000     3.2919284E-003
