#  lambda [mu]     flux/flux_star                  F                  T
      0.250832     9.8521805E-015     0.0000000E+000     9.8521805E-015
      0.252504     1.3016585E-014     0.0000000E+000     1.3016585E-014
      0.254188     1.7159310E-014     0.0000000E+000     1.7159310E-014
      0.255882     2.2550528E-014     0.0000000E+000     2.2550528E-014
      0.257588     2.8898329E-014     0.0000000E+000     2.8898329E-014
      0.259305     3.6625463E-014     0.0000000E+000     3.6625463E-014
      0.261034     4.1320029E-014     0.0000000E+000     4.1320029E-014
      0.262774     4.4344085E-014     0.0000000E+000     4.4344085E-014
      0.264526     4.7286096E-014     0.0000000E+000     4.7286096E-014
      0.266290     5.0122113E-014     0.0000000E+000     5.0122113E-014
      0.268065     5.3626093E-014     0.0000000E+000     5.3626093E-014
      0.269852     5.7101618E-014     0.0000000E+000     5.7101618E-014
      0.271651     6.5811985E-014     0.0000000E+000     6.5811985E-014
      0.273462     8.0722085E-014     0.0000000E+000     8.0722085E-014
      0.275285     9.8712572E-014     0.0000000E+000     9.8712572E-014
      0.277120     1.2057239E-013     0.0000000E+000     1.2057239E-013
      0.278968     1.4931307E-013     0.0000000E+000     1.4931307E-013
      0.280827     1.8438802E-013     0.0000000E+000     1.8438802E-013
      0.282700     2.2731167E-013     0.0000000E+000     2.2731167E-013
      0.284584     2.5140342E-013     0.0000000E+000     2.5140342E-013
      0.286482     2.7654552E-013     0.0000000E+000     2.7654552E-013
      0.288391     3.0376705E-013     0.0000000E+000     3.0376705E-013
      0.290314     3.3535658E-013     0.0000000E+000     3.3535658E-013
      0.292249     3.6915719E-013     0.0000000E+000     3.6915719E-013
      0.294198     4.0391834E-013     0.0000000E+000     4.0391834E-013
      0.296159     4.3336498E-013     0.0000000E+000     4.3336498E-013
      0.298133     4.9821786E-013     0.0000000E+000     4.9821786E-013
      0.300121     5.7032114E-013     0.0000000E+000     5.7032114E-013
      0.302122     1.4222435E-012     0.0000000E+000     1.4222435E-012
      0.304136     1.6909384E-012     0.0000000E+000     1.6909384E-012
      0.306164     2.0439489E-012     0.0000000E+000     2.0439489E-012
      0.308205     2.5379171E-012     0.0000000E+000     2.5379171E-012
      0.310259     3.2298577E-012     0.0000000E+000     3.2298577E-012
      0.312328     4.3345574E-012     0.0000000E+000     4.3345574E-012
      0.314410     6.0954827E-012     0.0000000E+000     6.0954827E-012
      0.316506     8.9523812E-012     0.0000000E+000     8.9523812E-012
      0.318616     1.3880845E-011     0.0000000E+000     1.3880845E-011
      0.320740     2.1749110E-011     0.0000000E+000     2.1749110E-011
      0.322878     3.7101663E-011     0.0000000E+000     3.7101663E-011
      0.325031     7.2903558E-011     0.0000000E+000     7.2903558E-011
      0.327198     1.7328942E-010     0.0000000E+000     1.7328942E-010
      0.329379     3.8769566E-010     0.0000000E+000     3.8769566E-010
      0.331575     4.4348101E-010     0.0000000E+000     4.4348101E-010
      0.333785     2.4528031E-010     0.0000000E+000     2.4528031E-010
      0.336011     1.3345009E-010     0.0000000E+000     1.3345009E-010
      0.338251     8.7742244E-011     0.0000000E+000     8.7742244E-011
      0.340506     6.6247938E-011     0.0000000E+000     6.6247938E-011
      0.342776     5.4627375E-011     0.0000000E+000     5.4627375E-011
      0.345061     4.8126371E-011     0.0000000E+000     4.8126371E-011
      0.347361     4.2336675E-011     0.0000000E+000     4.2336675E-011
      0.349677     3.8057603E-011     0.0000000E+000     3.8057603E-011
      0.352008     3.6110171E-011     0.0000000E+000     3.6110171E-011
      0.354355     3.5421003E-011     0.0000000E+000     3.5421003E-011
      0.356717     3.7682245E-011     0.0000000E+000     3.7682245E-011
      0.359096     4.2931002E-011     0.0000000E+000     4.2931002E-011
      0.361490     4.5802105E-011     0.0000000E+000     4.5802105E-011
      0.363899     4.3405062E-011     0.0000000E+000     4.3405062E-011
      0.366325     4.2298519E-011     0.0000000E+000     4.2298519E-011
      0.368768     4.5950670E-011     0.0000000E+000     4.5950670E-011
      0.371226     5.0124077E-011     0.0000000E+000     5.0124077E-011
      0.373701     5.4857076E-011     0.0000000E+000     5.4857076E-011
      0.376192     6.0199062E-011     0.0000000E+000     6.0199062E-011
      0.378700     6.6214765E-011     0.0000000E+000     6.6214765E-011
      0.381225     7.3200236E-011     0.0000000E+000     7.3200236E-011
      0.383766     8.1444302E-011     0.0000000E+000     8.1444302E-011
      0.386325     9.0464754E-011     0.0000000E+000     9.0464754E-011
      0.388900     7.3210451E-011     0.0000000E+000     7.3210451E-011
      0.391493     7.7418630E-011     0.0000000E+000     7.7418630E-011
      0.394103     8.7846949E-011     0.0000000E+000     8.7846949E-011
      0.396730     9.5670426E-011     0.0000000E+000     9.5670426E-011
      0.399375     1.0241090E-010     0.0000000E+000     1.0241090E-010
      0.402038     1.0941011E-010     0.0000000E+000     1.0941011E-010
      0.404718     1.1671532E-010     0.0000000E+000     1.1671532E-010
      0.407416     1.2432201E-010     0.0000000E+000     1.2432201E-010
      0.410132     1.3228368E-010     0.0000000E+000     1.3228368E-010
      0.412866     1.5504337E-010     0.0000000E+000     1.5504337E-010
      0.415619     2.9613492E-010     0.0000000E+000     2.9613492E-010
      0.418390     3.0750879E-010     0.0000000E+000     3.0750879E-010
      0.421179     2.0581273E-010     0.0000000E+000     2.0581273E-010
      0.423987     5.0491131E-010     0.0000000E+000     5.0491131E-010
      0.426813     3.4301425E-010     0.0000000E+000     3.4301425E-010
      0.429659     3.9544629E-010     0.0000000E+000     3.9544629E-010
      0.432523     5.7671926E-010     0.0000000E+000     5.7671926E-010
      0.435407     2.6941692E-010     0.0000000E+000     2.6941692E-010
      0.438309     4.5538804E-010     0.0000000E+000     4.5538804E-010
      0.441231     4.5712623E-010     0.0000000E+000     4.5712623E-010
      0.444173     3.1247588E-010     0.0000000E+000     3.1247588E-010
      0.447134     3.3161780E-010     0.0000000E+000     3.3161780E-010
      0.450115     1.1527657E-009     0.0000000E+000     1.1527657E-009
      0.453116     4.6398087E-010     0.0000000E+000     4.6398087E-010
      0.456136     4.1432833E-010     0.0000000E+000     4.1432833E-010
      0.459177     4.3381165E-010     0.0000000E+000     4.3381165E-010
      0.462239     4.5920462E-010     0.0000000E+000     4.5920462E-010
      0.465320     1.7927472E-009     0.0000000E+000     1.7927472E-009
      0.468422     8.8813328E-010     0.0000000E+000     8.8813328E-010
      0.471545     5.7624102E-010     0.0000000E+000     5.7624102E-010
      0.474689     1.3731558E-009     0.0000000E+000     1.3731558E-009
      0.477853     7.6778661E-010     0.0000000E+000     7.6778661E-010
      0.481039     7.6775550E-010     0.0000000E+000     7.6775550E-010
      0.484246     8.4835453E-010     0.0000000E+000     8.4835453E-010
      0.487474     9.3846274E-010     0.0000000E+000     9.3846274E-010
      0.490724     1.0389028E-009     0.0000000E+000     1.0389028E-009
      0.493996     1.3732963E-009     0.0000000E+000     1.3732963E-009
      0.497289     1.2134977E-008     0.0000000E+000     1.2134977E-008
      0.500604     3.4742654E-008     0.0000000E+000     3.4742654E-008
      0.503941     7.0277072E-008     0.0000000E+000     7.0277072E-008
      0.507301     1.2725721E-007     0.0000000E+000     1.2725721E-007
      0.510683     1.8101579E-007     0.0000000E+000     1.8101579E-007
      0.514088     2.1485201E-007     0.0000000E+000     2.1485201E-007
      0.517515     2.3766594E-007     0.0000000E+000     2.3766594E-007
      0.520965     2.5512181E-007     0.0000000E+000     2.5512181E-007
      0.524438     2.7207685E-007     0.0000000E+000     2.7207685E-007
      0.527934     2.8989253E-007     0.0000000E+000     2.8989253E-007
      0.531454     3.0837280E-007     0.0000000E+000     3.0837280E-007
      0.534997     3.2667871E-007     0.0000000E+000     3.2667871E-007
      0.538564     3.4727571E-007     0.0000000E+000     3.4727571E-007
      0.542154     3.6750162E-007     0.0000000E+000     3.6750162E-007
      0.545768     3.8850995E-007     0.0000000E+000     3.8850995E-007
      0.549407     4.0971406E-007     0.0000000E+000     4.0971406E-007
      0.553070     4.3144409E-007     0.0000000E+000     4.3144409E-007
      0.556757     4.5884312E-007     0.0000000E+000     4.5884312E-007
      0.560468     4.8598019E-007     0.0000000E+000     4.8598019E-007
      0.564205     5.1308736E-007     0.0000000E+000     5.1308736E-007
      0.567966     5.4170711E-007     0.0000000E+000     5.4170711E-007
      0.571753     5.6361073E-007     0.0000000E+000     5.6361073E-007
      0.575564     5.7576971E-007     0.0000000E+000     5.7576971E-007
      0.579401     5.8311787E-007     0.0000000E+000     5.8311787E-007
      0.583264     5.4193035E-007     0.0000000E+000     5.4193035E-007
      0.587153     3.3605467E-007     0.0000000E+000     3.3605467E-007
      0.591067     3.6075009E-007     0.0000000E+000     3.6075009E-007
      0.595007     7.1758240E-007     0.0000000E+000     7.1758240E-007
      0.598974     8.5341363E-007     0.0000000E+000     8.5341363E-007
      0.602967     9.4817252E-007     0.0000000E+000     9.4817252E-007
      0.606987     1.0362556E-006     0.0000000E+000     1.0362556E-006
      0.611034     1.1220308E-006     0.0000000E+000     1.1220308E-006
      0.615107     1.2057151E-006     0.0000000E+000     1.2057151E-006
      0.619208     1.2927038E-006     0.0000000E+000     1.2927038E-006
      0.623336     1.3815181E-006     0.0000000E+000     1.3815181E-006
      0.627491     1.4782080E-006     0.0000000E+000     1.4782080E-006
      0.631675     1.5795164E-006     0.0000000E+000     1.5795164E-006
      0.635886     1.6850462E-006     0.0000000E+000     1.6850462E-006
      0.640125     1.7952109E-006     0.0000000E+000     1.7952109E-006
      0.644393     1.9098178E-006     0.0000000E+000     1.9098178E-006
      0.648689     2.0292293E-006     0.0000000E+000     2.0292293E-006
      0.653013     2.1541325E-006     0.0000000E+000     2.1541325E-006
      0.657367     2.2818293E-006     0.0000000E+000     2.2818293E-006
      0.661749     2.4128469E-006     0.0000000E+000     2.4128469E-006
      0.666161     2.5487700E-006     0.0000000E+000     2.5487700E-006
      0.670602     2.6882087E-006     0.0000000E+000     2.6882087E-006
      0.675072     2.8307948E-006     0.0000000E+000     2.8307948E-006
      0.679573     2.9769016E-006     0.0000000E+000     2.9769016E-006
      0.684103     3.1254187E-006     0.0000000E+000     3.1254187E-006
      0.688664     3.2777273E-006     0.0000000E+000     3.2777273E-006
      0.693255     3.4432419E-006     0.0000000E+000     3.4432419E-006
      0.697877     3.6135136E-006     0.0000000E+000     3.6135136E-006
      0.702529     3.7817584E-006     0.0000000E+000     3.7817584E-006
      0.707213     3.9531825E-006     0.0000000E+000     3.9531825E-006
      0.711928     4.1367122E-006     0.0000000E+000     4.1367122E-006
      0.716674     4.3261409E-006     0.0000000E+000     4.3261409E-006
      0.721452     4.4924434E-006     0.0000000E+000     4.4924434E-006
      0.726261     4.6508997E-006     0.0000000E+000     4.6508997E-006
      0.731103     4.8213213E-006     0.0000000E+000     4.8213213E-006
      0.735977     5.0325610E-006     0.0000000E+000     5.0325610E-006
      0.740884     5.8230198E-006     0.0000000E+000     5.8230198E-006
      0.745823     6.3012586E-006     0.0000000E+000     6.3012586E-006
      0.750795     6.6838469E-006     0.0000000E+000     6.6838469E-006
      0.755800     7.0174131E-006     0.0000000E+000     7.0174131E-006
      0.760839     7.1127386E-006     0.0000000E+000     7.1127386E-006
      0.765911     5.1245689E-006     0.0000000E+000     5.1245689E-006
      0.771017     5.9956864E-006     0.0000000E+000     5.9956864E-006
      0.776157     8.4279636E-006     0.0000000E+000     8.4279636E-006
      0.781332     8.9873668E-006     0.0000000E+000     8.9873668E-006
      0.786541     9.4155591E-006     0.0000000E+000     9.4155591E-006
      0.791784     9.8147487E-006     0.0000000E+000     9.8147487E-006
      0.797063     1.0119472E-005     0.0000000E+000     1.0119472E-005
      0.802377     1.0419692E-005     0.0000000E+000     1.0419692E-005
      0.807726     1.0795116E-005     0.0000000E+000     1.0795116E-005
      0.813111     1.1196499E-005     0.0000000E+000     1.1196499E-005
      0.818531     1.1622711E-005     0.0000000E+000     1.1622711E-005
      0.823988     1.1855190E-005     0.0000000E+000     1.1855190E-005
      0.829482     1.2198584E-005     0.0000000E+000     1.2198584E-005
      0.835011     1.2483463E-005     0.0000000E+000     1.2483463E-005
      0.840578     1.2804800E-005     0.0000000E+000     1.2804800E-005
      0.846182     1.3036614E-005     0.0000000E+000     1.3036614E-005
      0.851823     1.3276134E-005     0.0000000E+000     1.3276134E-005
      0.857502     1.3524883E-005     0.0000000E+000     1.3524883E-005
      0.863219     1.3745464E-005     0.0000000E+000     1.3745464E-005
      0.868974     1.3965655E-005     0.0000000E+000     1.3965655E-005
      0.874767     1.4216734E-005     0.0000000E+000     1.4216734E-005
      0.880598     1.4415060E-005     0.0000000E+000     1.4415060E-005
      0.886469     1.4592709E-005     0.0000000E+000     1.4592709E-005
      0.892379     1.5418560E-005     0.0000000E+000     1.5418560E-005
      0.898328     1.5625437E-005     0.0000000E+000     1.5625437E-005
      0.904317     1.5479720E-005     0.0000000E+000     1.5479720E-005
      0.910346     1.5919379E-005     0.0000000E+000     1.5919379E-005
      0.916415     1.6707508E-005     0.0000000E+000     1.6707508E-005
      0.922524     1.7037098E-005     0.0000000E+000     1.7037098E-005
      0.928674     2.0520605E-005     0.0000000E+000     2.0520605E-005
      0.934865     2.1692315E-005     0.0000000E+000     2.1692315E-005
      0.941098     2.1956682E-005     0.0000000E+000     2.1956682E-005
      0.947372     2.2084865E-005     0.0000000E+000     2.2084865E-005
      0.953688     2.2547855E-005     0.0000000E+000     2.2547855E-005
      0.960046     2.3508587E-005     0.0000000E+000     2.3508587E-005
      0.966446     2.4590820E-005     0.0000000E+000     2.4590820E-005
      0.972889     2.5704868E-005     0.0000000E+000     2.5704868E-005
      0.979375     2.6462593E-005     0.0000000E+000     2.6462593E-005
      0.985904     2.6439080E-005     0.0000000E+000     2.6439080E-005
      0.992477     2.5868105E-005     0.0000000E+000     2.5868105E-005
      0.999093     2.5772518E-005     0.0000000E+000     2.5772518E-005
      1.005754     2.5591910E-005     0.0000000E+000     2.5591910E-005
      1.012459     2.4749640E-005     0.0000000E+000     2.4749640E-005
      1.019209     2.4261534E-005     0.0000000E+000     2.4261534E-005
      1.026003     2.3713972E-005     0.0000000E+000     2.3713972E-005
      1.032843     2.2315189E-005     0.0000000E+000     2.2315189E-005
      1.039729     2.1351717E-005     0.0000000E+000     2.1351717E-005
      1.046660     2.1059991E-005     0.0000000E+000     2.1059991E-005
      1.053638     2.0311365E-005     0.0000000E+000     2.0311365E-005
      1.060662     1.9932855E-005     0.0000000E+000     1.9932855E-005
      1.067734     1.9671973E-005     0.0000000E+000     1.9671973E-005
      1.074852     1.9975776E-005     0.0000000E+000     1.9975776E-005
      1.082017     2.0235952E-005     0.0000000E+000     2.0235952E-005
      1.089231     2.9903097E-005     0.0000000E+000     2.9903097E-005
      1.096492     4.2864861E-005     0.0000000E+000     4.2864861E-005
      1.103802     4.5793304E-005     0.0000000E+000     4.5793304E-005
      1.111161     5.0014133E-005     0.0000000E+000     5.0014133E-005
      1.118569     5.3022190E-005     0.0000000E+000     5.3022190E-005
      1.126026     5.4011106E-005     0.0000000E+000     5.4011106E-005
      1.133533     6.1085506E-005     0.0000000E+000     6.1085506E-005
      1.141090     6.4759984E-005     0.0000000E+000     6.4759984E-005
      1.148697     6.4142424E-005     0.0000000E+000     6.4142424E-005
      1.156355     6.6799254E-005     0.0000000E+000     6.6799254E-005
      1.164064     6.9816530E-005     0.0000000E+000     6.9816530E-005
      1.171824     7.3332853E-005     0.0000000E+000     7.3332853E-005
      1.179637     7.5147992E-005     0.0000000E+000     7.5147992E-005
      1.187501     7.3762796E-005     0.0000000E+000     7.3762796E-005
      1.195417     7.3084221E-005     0.0000000E+000     7.3084221E-005
      1.203387     7.2755198E-005     0.0000000E+000     7.2755198E-005
      1.211409     7.3020683E-005     0.0000000E+000     7.3020683E-005
      1.219486     7.1891381E-005     0.0000000E+000     7.1891381E-005
      1.227615     6.9867146E-005     0.0000000E+000     6.9867146E-005
      1.235800     6.8825802E-005     0.0000000E+000     6.8825802E-005
      1.244038     7.0935124E-005     0.0000000E+000     7.0935124E-005
      1.252332     7.0696976E-005     0.0000000E+000     7.0696976E-005
      1.260681     6.5631613E-005     0.0000000E+000     6.5631613E-005
      1.269085     6.6107813E-005     0.0000000E+000     6.6107813E-005
      1.277546     6.6216474E-005     0.0000000E+000     6.6216474E-005
      1.286063     6.8518083E-005     0.0000000E+000     6.8518083E-005
      1.294637     7.1054340E-005     0.0000000E+000     7.1054340E-005
      1.303267     7.6779172E-005     0.0000000E+000     7.6779172E-005
      1.311956     8.7250151E-005     0.0000000E+000     8.7250151E-005
      1.320702     9.7088387E-005     0.0000000E+000     9.7088387E-005
      1.329507     1.1478910E-004     0.0000000E+000     1.1478910E-004
      1.338370     1.2485297E-004     0.0000000E+000     1.2485297E-004
      1.347293     1.2646657E-004     0.0000000E+000     1.2646657E-004
      1.356275     1.2794099E-004     0.0000000E+000     1.2794099E-004
      1.365317     1.3245522E-004     0.0000000E+000     1.3245522E-004
      1.374419     1.3604003E-004     0.0000000E+000     1.3604003E-004
      1.383581     1.4064451E-004     0.0000000E+000     1.4064451E-004
      1.392805     1.4270494E-004     0.0000000E+000     1.4270494E-004
      1.402091     1.4406265E-004     0.0000000E+000     1.4406265E-004
      1.411438     1.4511591E-004     0.0000000E+000     1.4511591E-004
      1.420848     1.4672584E-004     0.0000000E+000     1.4672584E-004
      1.430320     1.4985834E-004     0.0000000E+000     1.4985834E-004
      1.439855     1.5565916E-004     0.0000000E+000     1.5565916E-004
      1.449454     1.6049736E-004     0.0000000E+000     1.6049736E-004
      1.459117     1.6584907E-004     0.0000000E+000     1.6584907E-004
      1.468845     1.7029322E-004     0.0000000E+000     1.7029322E-004
      1.478637     1.7441998E-004     0.0000000E+000     1.7441998E-004
      1.488495     1.8024129E-004     0.0000000E+000     1.8024129E-004
      1.498418     1.8454226E-004     0.0000000E+000     1.8454226E-004
      1.508407     1.9116663E-004     0.0000000E+000     1.9116663E-004
      1.518464     1.9696483E-004     0.0000000E+000     1.9696483E-004
      1.528587     2.0229379E-004     0.0000000E+000     2.0229379E-004
      1.538777     2.0838243E-004     0.0000000E+000     2.0838243E-004
      1.549036     2.1426203E-004     0.0000000E+000     2.1426203E-004
      1.559363     2.1895175E-004     0.0000000E+000     2.1895175E-004
      1.569758     2.2441376E-004     0.0000000E+000     2.2441376E-004
      1.580223     2.2883556E-004     0.0000000E+000     2.2883556E-004
      1.590758     2.3254320E-004     0.0000000E+000     2.3254320E-004
      1.601363     2.3617936E-004     0.0000000E+000     2.3617936E-004
      1.612039     2.3891675E-004     0.0000000E+000     2.3891675E-004
      1.622786     2.4177735E-004     0.0000000E+000     2.4177735E-004
      1.633605     2.4414892E-004     0.0000000E+000     2.4414892E-004
      1.644495     2.4666492E-004     0.0000000E+000     2.4666492E-004
      1.655459     2.5082484E-004     0.0000000E+000     2.5082484E-004
      1.666495     2.5312313E-004     0.0000000E+000     2.5312313E-004
      1.677605     2.5752306E-004     0.0000000E+000     2.5752306E-004
      1.688789     2.6552000E-004     0.0000000E+000     2.6552000E-004
      1.700048     2.7591830E-004     0.0000000E+000     2.7591830E-004
      1.711381     2.8618764E-004     0.0000000E+000     2.8618764E-004
      1.722790     2.9423927E-004     0.0000000E+000     2.9423927E-004
      1.734276     3.0034200E-004     0.0000000E+000     3.0034200E-004
      1.745838     3.0448165E-004     0.0000000E+000     3.0448165E-004
      1.757476     3.0883788E-004     0.0000000E+000     3.0883788E-004
      1.769193     3.1228448E-004     0.0000000E+000     3.1228448E-004
      1.780988     3.1485786E-004     0.0000000E+000     3.1485786E-004
      1.792861     3.1949573E-004     0.0000000E+000     3.1949573E-004
      1.804813     3.2117198E-004     0.0000000E+000     3.2117198E-004
      1.816845     3.2841805E-004     0.0000000E+000     3.2841805E-004
      1.828958     3.3520529E-004     0.0000000E+000     3.3520529E-004
      1.841151     3.3775805E-004     0.0000000E+000     3.3775805E-004
      1.853425     3.3503541E-004     0.0000000E+000     3.3503541E-004
      1.865781     3.4565053E-004     0.0000000E+000     3.4565053E-004
      1.878220     3.5542286E-004     0.0000000E+000     3.5542286E-004
      1.890741     3.6783133E-004     0.0000000E+000     3.6783133E-004
      1.903346     3.8152628E-004     0.0000000E+000     3.8152628E-004
      1.916035     3.8872904E-004     0.0000000E+000     3.8872904E-004
      1.928809     3.9661705E-004     0.0000000E+000     3.9661705E-004
      1.941667     4.0122146E-004     0.0000000E+000     4.0122146E-004
      1.954612     4.0883913E-004     0.0000000E+000     4.0883913E-004
      1.967643     4.1466304E-004     0.0000000E+000     4.1466304E-004
      1.980760     4.2091624E-004     0.0000000E+000     4.2091624E-004
      1.993965     4.2610339E-004     0.0000000E+000     4.2610339E-004
      2.007258     4.3463268E-004     0.0000000E+000     4.3463268E-004
      2.020640     4.4571415E-004     0.0000000E+000     4.4571415E-004
      2.034111     4.5805550E-004     0.0000000E+000     4.5805550E-004
      2.047672     4.6948507E-004     0.0000000E+000     4.6948507E-004
      2.061323     4.8402803E-004     0.0000000E+000     4.8402803E-004
      2.075065     4.9666564E-004     0.0000000E+000     4.9666564E-004
      2.088899     5.0948696E-004     0.0000000E+000     5.0948696E-004
      2.102825     5.2197668E-004     0.0000000E+000     5.2197668E-004
      2.116844     5.3522573E-004     0.0000000E+000     5.3522573E-004
      2.130956     5.4682507E-004     0.0000000E+000     5.4682507E-004
      2.145162     5.5751559E-004     0.0000000E+000     5.5751559E-004
      2.159463     5.6837153E-004     0.0000000E+000     5.6837153E-004
      2.173860     5.7807822E-004     0.0000000E+000     5.7807822E-004
      2.188352     5.8763361E-004     0.0000000E+000     5.8763361E-004
      2.202941     5.9648446E-004     0.0000000E+000     5.9648446E-004
      2.217627     6.0547366E-004     0.0000000E+000     6.0547366E-004
      2.232412     6.1464883E-004     0.0000000E+000     6.1464883E-004
      2.247294     6.2316613E-004     0.0000000E+000     6.2316613E-004
      2.262276     6.3183901E-004     0.0000000E+000     6.3183901E-004
      2.277358     6.4100497E-004     0.0000000E+000     6.4100497E-004
      2.292541     6.3832537E-004     0.0000000E+000     6.3832537E-004
      2.307824     6.5006992E-004     0.0000000E+000     6.5006992E-004
      2.323210     6.5155061E-004     0.0000000E+000     6.5155061E-004
      2.338698     6.6324146E-004     0.0000000E+000     6.6324146E-004
      2.354289     6.6737743E-004     0.0000000E+000     6.6737743E-004
      2.369984     6.7812740E-004     0.0000000E+000     6.7812740E-004
      2.385784     6.8208963E-004     0.0000000E+000     6.8208963E-004
      2.401689     6.8733620E-004     0.0000000E+000     6.8733620E-004
      2.417701     6.8585785E-004     0.0000000E+000     6.8585785E-004
      2.433819     6.8396968E-004     0.0000000E+000     6.8396968E-004
      2.450044     6.8474352E-004     0.0000000E+000     6.8474352E-004
      2.466378     6.8820189E-004     0.0000000E+000     6.8820189E-004
      2.482820     6.9089308E-004     0.0000000E+000     6.9089308E-004
      2.499372     6.9491035E-004     0.0000000E+000     6.9491035E-004
      2.516035     6.9543442E-004     0.0000000E+000     6.9543442E-004
      2.532809     6.9845791E-004     0.0000000E+000     6.9845791E-004
      2.549694     7.0975673E-004     0.0000000E+000     7.0975673E-004
      2.566692     7.1366430E-004     0.0000000E+000     7.1366430E-004
      2.583803     7.2537819E-004     0.0000000E+000     7.2537819E-004
      2.601029     7.3857316E-004     0.0000000E+000     7.3857316E-004
      2.618369     7.5383145E-004     0.0000000E+000     7.5383145E-004
      2.635824     7.6398066E-004     0.0000000E+000     7.6398066E-004
      2.653397     7.8751395E-004     0.0000000E+000     7.8751395E-004
      2.671086     7.8816372E-004     0.0000000E+000     7.8816372E-004
      2.688893     7.8921017E-004     0.0000000E+000     7.8921017E-004
      2.706819     7.9454107E-004     0.0000000E+000     7.9454107E-004
      2.724865     7.9728798E-004     0.0000000E+000     7.9728798E-004
      2.743030     7.9947963E-004     0.0000000E+000     7.9947963E-004
      2.761317     8.0850004E-004     0.0000000E+000     8.0850004E-004
      2.779726     8.1662028E-004     0.0000000E+000     8.1662028E-004
      2.798258     8.2953590E-004     0.0000000E+000     8.2953590E-004
      2.816913     8.2865112E-004     0.0000000E+000     8.2865112E-004
      2.835692     8.4832166E-004     0.0000000E+000     8.4832166E-004
      2.854597     8.5798251E-004     0.0000000E+000     8.5798251E-004
      2.873627     8.7455931E-004     0.0000000E+000     8.7455931E-004
      2.892785     8.8472952E-004     0.0000000E+000     8.8472952E-004
      2.912070     8.8304486E-004     0.0000000E+000     8.8304486E-004
      2.931484     9.0655093E-004     0.0000000E+000     9.0655093E-004
      2.951027     9.1289870E-004     0.0000000E+000     9.1289870E-004
      2.970701     9.3231579E-004     0.0000000E+000     9.3231579E-004
      2.990505     9.4815207E-004     0.0000000E+000     9.4815207E-004
      3.010442     9.6271931E-004     0.0000000E+000     9.6271931E-004
      3.030512     9.7900943E-004     0.0000000E+000     9.7900943E-004
      3.050715     9.9235332E-004     0.0000000E+000     9.9235332E-004
      3.071053     1.0179671E-003     0.0000000E+000     1.0179671E-003
      3.091527     1.0321412E-003     0.0000000E+000     1.0321412E-003
      3.112137     1.0496898E-003     0.0000000E+000     1.0496898E-003
      3.132884     1.0702873E-003     0.0000000E+000     1.0702873E-003
      3.153770     1.0924328E-003     0.0000000E+000     1.0924328E-003
      3.174796     1.1069024E-003     0.0000000E+000     1.1069024E-003
      3.195961     1.1165872E-003     0.0000000E+000     1.1165872E-003
      3.217267     1.1477072E-003     0.0000000E+000     1.1477072E-003
      3.238716     1.1633322E-003     0.0000000E+000     1.1633322E-003
      3.260307     1.1918824E-003     0.0000000E+000     1.1918824E-003
      3.282043     1.2009778E-003     0.0000000E+000     1.2009778E-003
      3.303923     1.2144218E-003     0.0000000E+000     1.2144218E-003
      3.325949     1.2421969E-003     0.0000000E+000     1.2421969E-003
      3.348122     1.2499623E-003     0.0000000E+000     1.2499623E-003
      3.370443     1.2694145E-003     0.0000000E+000     1.2694145E-003
      3.392912     1.2846982E-003     0.0000000E+000     1.2846982E-003
      3.415532     1.2978870E-003     0.0000000E+000     1.2978870E-003
      3.438302     1.3152626E-003     0.0000000E+000     1.3152626E-003
      3.461224     1.3321484E-003     0.0000000E+000     1.3321484E-003
      3.484299     1.3434938E-003     0.0000000E+000     1.3434938E-003
      3.507527     1.3641120E-003     0.0000000E+000     1.3641120E-003
      3.530911     1.3779287E-003     0.0000000E+000     1.3779287E-003
      3.554450     1.3975233E-003     0.0000000E+000     1.3975233E-003
      3.578147     1.4124491E-003     0.0000000E+000     1.4124491E-003
      3.602001     1.4282314E-003     0.0000000E+000     1.4282314E-003
      3.626014     1.4443825E-003     0.0000000E+000     1.4443825E-003
      3.650188     1.4602493E-003     0.0000000E+000     1.4602493E-003
      3.674522     1.4758441E-003     0.0000000E+000     1.4758441E-003
      3.699019     1.4915029E-003     0.0000000E+000     1.4915029E-003
      3.723679     1.5070283E-003     0.0000000E+000     1.5070283E-003
      3.748504     1.5203150E-003     0.0000000E+000     1.5203150E-003
      3.773494     1.5355807E-003     0.0000000E+000     1.5355807E-003
      3.798651     1.5501076E-003     0.0000000E+000     1.5501076E-003
      3.823975     1.5637504E-003     0.0000000E+000     1.5637504E-003
      3.849468     1.5832607E-003     0.0000000E+000     1.5832607E-003
      3.875131     1.5980424E-003     0.0000000E+000     1.5980424E-003
      3.900965     1.6124305E-003     0.0000000E+000     1.6124305E-003
      3.926972     1.6289667E-003     0.0000000E+000     1.6289667E-003
      3.953152     1.6433040E-003     0.0000000E+000     1.6433040E-003
      3.979506     1.6550840E-003     0.0000000E+000     1.6550840E-003
      4.006036     1.6688339E-003     0.0000000E+000     1.6688339E-003
      4.032743     1.6789300E-003     0.0000000E+000     1.6789300E-003
      4.059628     1.6908458E-003     0.0000000E+000     1.6908458E-003
      4.086692     1.6893713E-003     0.0000000E+000     1.6893713E-003
      4.113937     1.7052203E-003     0.0000000E+000     1.7052203E-003
      4.141363     1.7123172E-003     0.0000000E+000     1.7123172E-003
      4.168972     1.7187550E-003     0.0000000E+000     1.7187550E-003
      4.196765     1.7299603E-003     0.0000000E+000     1.7299603E-003
      4.224744     1.7357902E-003     0.0000000E+000     1.7357902E-003
      4.252909     1.7343680E-003     0.0000000E+000     1.7343680E-003
      4.281261     1.7500596E-003     0.0000000E+000     1.7500596E-003
      4.309803     1.7527318E-003     0.0000000E+000     1.7527318E-003
      4.338535     1.7570584E-003     0.0000000E+000     1.7570584E-003
      4.367459     1.7675811E-003     0.0000000E+000     1.7675811E-003
      4.396575     1.7729058E-003     0.0000000E+000     1.7729058E-003
      4.425885     1.7689029E-003     0.0000000E+000     1.7689029E-003
      4.455391     1.8029554E-003     0.0000000E+000     1.8029554E-003
      4.485094     1.8140822E-003     0.0000000E+000     1.8140822E-003
      4.514995     1.8122832E-003     0.0000000E+000     1.8122832E-003
      4.545095     1.8395709E-003     0.0000000E+000     1.8395709E-003
      4.575395     1.8498018E-003     0.0000000E+000     1.8498018E-003
      4.605898     1.8636182E-003     0.0000000E+000     1.8636182E-003
      4.636604     1.8484081E-003     0.0000000E+000     1.8484081E-003
      4.667515     1.8707024E-003     0.0000000E+000     1.8707024E-003
      4.698631     1.8828210E-003     0.0000000E+000     1.8828210E-003
      4.729955     1.8957378E-003     0.0000000E+000     1.8957378E-003
      4.761489     1.8922143E-003     0.0000000E+000     1.8922143E-003
      4.793232     1.8994368E-003     0.0000000E+000     1.8994368E-003
      4.825187     1.9113849E-003     0.0000000E+000     1.9113849E-003
      4.857355     1.9216237E-003     0.0000000E+000     1.9216237E-003
      4.889737     1.9304677E-003     0.0000000E+000     1.9304677E-003
      4.922335     1.9415193E-003     0.0000000E+000     1.9415193E-003
      4.955151     1.9409505E-003     0.0000000E+000     1.9409505E-003
      4.985800     1.9640006E-003     0.0000000E+000     1.9640006E-003
