#  lambda [mu]irradiance[W/m^2/mi
      0.250000     2.1090999E+001
      0.251667     2.2785912E+001
      0.253344     2.4616798E+001
      0.255033     2.6594547E+001
      0.256734     2.8730921E+001
      0.258445     3.1202084E+001
      0.260168     3.6246417E+001
      0.261903     4.2105863E+001
      0.263649     4.8912075E+001
      0.265406     5.6817963E+001
      0.267176     6.6001122E+001
      0.268957     7.6667814E+001
      0.270750     8.9319486E+001
      0.272555     1.0421082E+002
      0.274372     1.2158378E+002
      0.276201     1.4185173E+002
      0.278042     1.6549691E+002
      0.279896     1.9308182E+002
      0.281762     2.2526265E+002
      0.283640     2.5643663E+002
      0.285531     2.9175392E+002
      0.287435     3.3193244E+002
      0.289351     3.7764094E+002
      0.291280     4.2964015E+002
      0.293222     4.8879536E+002
      0.295177     5.5609083E+002
      0.297145     6.4470271E+002
      0.299126     7.4777678E+002
      0.301120     8.6732322E+002
      0.303127     1.0059734E+003
      0.305148     1.1667791E+003
      0.307182     1.3532789E+003
      0.309230     1.5695770E+003
      0.311292     1.8454897E+003
      0.313367     2.1871446E+003
      0.315456     2.5920301E+003
      0.317559     3.0718448E+003
      0.319676     3.6390250E+003
      0.321808     4.3105315E+003
      0.323953     5.1059125E+003
      0.326113     6.0480126E+003
      0.328287     6.0231999E+003
      0.330475     5.9007747E+003
      0.332678     5.7807957E+003
      0.334896     5.6632154E+003
      0.337129     5.4094033E+003
      0.339376     5.1524160E+003
      0.341639     4.9076027E+003
      0.343917     4.6743887E+003
      0.346209     5.3650246E+003
      0.348517     6.4975491E+003
      0.350841     7.5972572E+003
      0.353180     8.7315451E+003
      0.355534     7.8869750E+003
      0.357905     5.7858866E+003
      0.360291     5.5128218E+003
      0.362692     8.1794968E+003
      0.365110     1.1238446E+004
      0.367544     1.0716916E+004
      0.369995     1.0219521E+004
      0.372461     9.7451475E+003
      0.374945     9.2927334E+003
      0.377444     8.8612654E+003
      0.379960     8.4497767E+003
      0.382493     8.0573449E+003
      0.385043     7.6830903E+003
      0.387610     7.3261733E+003
      0.390194     6.9857933E+003
      0.392796     6.6611863E+003
      0.395414     6.9679309E+003
      0.398051     7.6135101E+003
      0.400704     8.3188516E+003
      0.403376     9.0894834E+003
      0.406065     9.9314444E+003
      0.408772     1.0851332E+004
      0.411497     1.1856352E+004
      0.414240     1.2954377E+004
      0.417002     1.4154009E+004
      0.419782     1.5464641E+004
      0.422580     1.6896538E+004
      0.425398     1.8460910E+004
      0.428234     2.0069745E+004
      0.431089     2.1467224E+004
      0.433962     2.2961882E+004
      0.436856     2.4560467E+004
      0.439768     2.6270197E+004
      0.442700     2.8098791E+004
      0.445651     3.0054501E+004
      0.448622     3.2146156E+004
      0.451613     3.4383192E+004
      0.454624     3.6775702E+004
      0.457654     3.9334481E+004
      0.460705     4.2071068E+004
      0.463777     4.4997806E+004
      0.466869     4.8127891E+004
      0.469981     4.7987861E+004
      0.473114     4.6200628E+004
      0.476268     4.4479726E+004
      0.479444     4.2822703E+004
      0.482640     4.1227198E+004
      0.485857     3.9690935E+004
      0.489096     3.8211725E+004
      0.492357     3.6787456E+004
      0.495639     3.5416096E+004
      0.498944     3.4095686E+004
      0.502270     3.2824342E+004
      0.505619     3.1600247E+004
      0.508989     3.0421652E+004
      0.512383     2.9286872E+004
      0.515798     2.8194284E+004
      0.519237     2.9407560E+004
      0.522699     3.1485306E+004
      0.526183     3.3709692E+004
      0.529691     3.6091055E+004
      0.533223     3.8640463E+004
      0.536777     4.1369763E+004
      0.540356     4.4291635E+004
      0.543958     4.7419653E+004
      0.547585     5.0768348E+004
      0.551235     5.4218745E+004
      0.554910     5.4642761E+004
      0.558609     5.5069843E+004
      0.562334     5.5500012E+004
      0.566082     5.5933291E+004
      0.569856     5.6369701E+004
      0.573655     5.6809263E+004
      0.577480     5.7252000E+004
      0.581330     5.7697935E+004
      0.585205     5.8147089E+004
      0.589106     5.8599486E+004
      0.593034     5.8867633E+004
      0.596987     5.9038935E+004
      0.600967     5.9210484E+004
      0.604974     5.9382279E+004
      0.609007     5.9554321E+004
      0.613067     5.9726611E+004
      0.617154     5.9899149E+004
      0.621268     6.0009495E+004
      0.625410     5.9983754E+004
      0.629580     5.9957778E+004
      0.633777     5.9931569E+004
      0.638002     5.9905128E+004
      0.642255     5.9878458E+004
      0.646537     5.9851559E+004
      0.650847     5.9824434E+004
      0.655186     5.9698929E+004
      0.659554     5.9506881E+004
      0.663951     5.9315218E+004
      0.668378     5.9123942E+004
      0.672833     5.8933054E+004
      0.677319     5.8742556E+004
      0.681834     5.8552450E+004
      0.686380     5.8362736E+004
      0.690956     5.8074265E+004
      0.695562     5.7670395E+004
      0.700199     5.7269118E+004
      0.704867     5.6870422E+004
      0.709566     5.6474293E+004
      0.714297     5.6080716E+004
      0.719059     5.5689679E+004
      0.723853     5.5301167E+004
      0.728678     5.4915166E+004
      0.733536     5.4846663E+004
      0.738426     5.4831256E+004
      0.743349     5.4815658E+004
      0.748305     5.4799871E+004
      0.753294     5.4617225E+004
      0.758316     5.4144427E+004
      0.763371     5.3675536E+004
      0.768460     5.3210522E+004
      0.773583     5.2749355E+004
      0.778740     5.2574315E+004
      0.783932     5.2503281E+004
      0.789158     5.2432166E+004
      0.794419     5.2360973E+004
      0.799715     5.2055201E+004
      0.805047     5.1453754E+004
      0.810414     5.0859088E+004
      0.815817     5.0271131E+004
      0.821255     4.9693670E+004
      0.826730     4.9324751E+004
      0.832242     4.8958414E+004
      0.837790     4.8594643E+004
      0.843375     4.8233422E+004
      0.848998     4.7874735E+004
      0.854658     4.7518567E+004
      0.860356     4.7164902E+004
      0.866091     4.6813726E+004
      0.871865     4.6465021E+004
      0.877678     4.6118773E+004
      0.883529     4.5787318E+004
      0.889419     4.5517273E+004
      0.895349     4.5248686E+004
      0.901318     4.4981550E+004
      0.907326     4.4715859E+004
      0.913375     4.4451607E+004
      0.919464     4.4188789E+004
      0.925594     4.3927396E+004
      0.931765     4.3667425E+004
      0.937977     4.3408868E+004
      0.944230     4.3151720E+004
      0.950525     4.2895975E+004
      0.956861     4.2579459E+004
      0.963240     4.2198978E+004
      0.969662     4.1821782E+004
      0.976126     4.1447844E+004
      0.982634     4.1077138E+004
      0.989185     4.0709637E+004
      0.995779     4.0345315E+004
      1.002418     3.9984147E+004
      1.009101     3.9626108E+004
      1.015828     3.9271171E+004
      1.022600     3.8919312E+004
      1.029418     3.8570506E+004
      1.036280     3.8211275E+004
      1.043189     3.7838087E+004
      1.050144     3.7468449E+004
      1.057145     3.7102329E+004
      1.064192     3.6739694E+004
      1.071287     3.6380513E+004
      1.078429     3.6024754E+004
      1.085618     3.5672387E+004
      1.092856     3.5323381E+004
      1.100141     3.4977705E+004
      1.107476     3.4635329E+004
      1.114859     3.4296222E+004
      1.122291     3.3960356E+004
      1.129773     3.3639108E+004
      1.137305     3.3342723E+004
      1.144887     3.3048872E+004
      1.152520     3.2757536E+004
      1.160203     3.2468694E+004
      1.167938     3.2182327E+004
      1.175724     3.1898414E+004
      1.183562     3.1616935E+004
      1.191453     3.1337871E+004
      1.199396     3.1061201E+004
      1.207392     3.0786908E+004
      1.215441     3.0527406E+004
      1.223544     3.0275003E+004
      1.231701     3.0024623E+004
      1.239912     2.9776251E+004
      1.248178     2.9529872E+004
      1.256499     2.9285471E+004
      1.264876     2.9043032E+004
      1.273308     2.8802542E+004
      1.281797     2.8563985E+004
      1.290343     2.8327347E+004
      1.298945     2.8092614E+004
      1.307604     2.7860506E+004
      1.316322     2.7632164E+004
      1.325097     2.7405641E+004
      1.333931     2.7180922E+004
      1.342824     2.6957994E+004
      1.351776     2.6736843E+004
      1.360788     2.6517457E+004
      1.369860     2.6299821E+004
      1.378992     2.6086738E+004
      1.388186     2.5892481E+004
      1.397440     2.5699624E+004
      1.406757     2.5508157E+004
      1.416135     2.5318071E+004
      1.425576     2.5129356E+004
      1.435080     2.4942005E+004
      1.444647     2.4756006E+004
      1.454278     2.4571352E+004
      1.463973     2.4363991E+004
      1.473733     2.4137879E+004
      1.483558     2.3913824E+004
      1.493448     2.3691809E+004
      1.503404     2.3471816E+004
      1.513427     2.3253827E+004
      1.523517     2.3037825E+004
      1.533673     2.2823792E+004
      1.543898     2.2611711E+004
      1.554191     2.2401565E+004
      1.564552     2.2193337E+004
      1.574982     2.1987010E+004
      1.585482     2.1782567E+004
      1.596052     2.1579991E+004
      1.606692     2.1379267E+004
      1.617404     2.1180377E+004
      1.628186     2.0983306E+004
      1.639041     2.0788037E+004
      1.649968     2.0594555E+004
      1.660968     2.0402844E+004
      1.672041     2.0013241E+004
      1.683188     1.9545248E+004
      1.694409     1.9088171E+004
      1.705705     1.8641757E+004
      1.717076     1.8205757E+004
      1.728523     1.7779930E+004
      1.740047     1.7364038E+004
      1.751647     1.6957852E+004
      1.763325     1.6561145E+004
      1.775080     1.6173696E+004
      1.786914     1.5795290E+004
      1.798827     1.5425718E+004
      1.810819     1.5064773E+004
      1.822891     1.4712254E+004
      1.835044     1.4367966E+004
      1.847278     1.4031716E+004
      1.859593     1.3703318E+004
      1.871990     1.3382590E+004
      1.884470     1.3069351E+004
      1.897033     1.2763429E+004
      1.909680     1.2464652E+004
      1.922411     1.2172855E+004
      1.935227     1.1887874E+004
      1.948129     1.1621718E+004
      1.961116     1.1363940E+004
      1.974190     1.1111866E+004
      1.987352     1.0865371E+004
      2.000601     1.0624331E+004
      2.013938     1.0388627E+004
      2.027364     1.0158141E+004
      2.040880     9.9327571E+003
      2.054486     9.7123632E+003
      2.068183     9.4968490E+003
      2.081970     9.2861069E+003
      2.095850     9.0794872E+003
      2.109823     8.8725016E+003
      2.123888     8.6702254E+003
      2.138047     8.4725519E+003
      2.152301     8.2793764E+003
      2.166650     8.0905970E+003
      2.181094     7.9061138E+003
      2.195635     7.7258294E+003
      2.210272     7.5496484E+003
      2.225007     7.3774777E+003
      2.239841     7.2092263E+003
      2.254773     7.0448050E+003
      2.269805     6.8841270E+003
      2.284937     6.7138748E+003
      2.300170     6.5260734E+003
      2.315504     6.3435191E+003
      2.330941     6.1660657E+003
      2.346480     5.9935707E+003
      2.362124     5.8258959E+003
      2.377871     5.6629068E+003
      2.393724     5.5044725E+003
      2.409682     5.3504661E+003
      2.425746     5.2007638E+003
      2.441918     5.0552457E+003
      2.458197     4.9137949E+003
      2.474585     4.7762979E+003
      2.491083     4.6426442E+003
      2.507690     4.5127268E+003
      2.524408     4.3946945E+003
      2.541237     4.3038884E+003
      2.558179     4.2149551E+003
      2.575233     4.1278560E+003
      2.592402     4.0425535E+003
      2.609684     3.9590106E+003
      2.627082     3.8771911E+003
      2.644596     3.7970595E+003
      2.662227     3.7185810E+003
      2.679975     3.6417218E+003
      2.697841     3.5664484E+003
      2.715827     3.4927282E+003
      2.733932     3.4205292E+003
      2.752159     3.3498202E+003
      2.770506     3.2805704E+003
      2.788976     3.2127498E+003
      2.807570     3.1463290E+003
      2.826287     3.0768010E+003
      2.845129     3.0032258E+003
      2.864096     2.9314079E+003
      2.883190     2.8613055E+003
      2.902411     2.7928775E+003
      2.921761     2.7260841E+003
      2.941239     2.6608863E+003
      2.960847     2.5972459E+003
      2.980586     2.5351260E+003
      3.000457     2.4744902E+003
      3.020460     2.4153030E+003
      3.040596     2.3569594E+003
      3.060867     2.2993263E+003
      3.081273     2.2431010E+003
      3.101815     2.1882492E+003
      3.122493     2.1347373E+003
      3.143310     2.0825328E+003
      3.164265     2.0316036E+003
      3.185361     1.9819187E+003
      3.206596     1.9334477E+003
      3.227974     1.8861610E+003
      3.249493     1.8400297E+003
      3.271157     1.7950256E+003
      3.292964     1.7506803E+003
      3.314918     1.7071200E+003
      3.337017     1.6646426E+003
      3.359264     1.6232212E+003
      3.381659     1.5828295E+003
      3.404203     1.5434421E+003
      3.426898     1.5050340E+003
      3.449744     1.4675808E+003
      3.472742     1.4310589E+003
      3.495894     1.3954451E+003
      3.519200     1.3607168E+003
      3.542661     1.3268521E+003
      3.566279     1.2938296E+003
      3.590054     1.2616282E+003
      3.613988     1.2302276E+003
      3.638081     1.1996079E+003
      3.662335     1.1697498E+003
      3.686750     1.1406342E+003
      3.711329     1.1122428E+003
      3.736071     1.0845575E+003
      3.760978     1.0575608E+003
      3.786051     1.0295900E+003
      3.811292     9.9696503E+002
      3.836700     9.6537341E+002
      3.862278     9.3478242E+002
      3.888027     9.0516037E+002
      3.913947     8.7647659E+002
      3.940040     8.4870138E+002
      3.966307     8.2180598E+002
      3.992749     7.9576253E+002
      4.019367     7.7054406E+002
      4.046163     7.4612445E+002
      4.073137     7.2247841E+002
      4.100292     6.9958145E+002
      4.127627     6.7740985E+002
      4.155145     6.5594064E+002
      4.182845     6.3515158E+002
      4.210731     6.1502113E+002
      4.238803     5.9552845E+002
      4.267061     5.7665333E+002
      4.295508     5.5837622E+002
      4.324145     5.4067818E+002
      4.352973     5.2354088E+002
      4.381993     5.0694656E+002
      4.411206     4.9087801E+002
      4.440614     4.7531860E+002
      4.470218     4.6173544E+002
      4.500019     4.5138869E+002
      4.530020     4.4127363E+002
      4.560220     4.3138507E+002
      4.590621     4.2171794E+002
      4.621225     4.1226729E+002
      4.652033     4.0302827E+002
      4.683047     3.9399616E+002
      4.714267     3.8516632E+002
      4.745696     3.7653423E+002
      4.777334     3.6809547E+002
      4.809183     3.5984569E+002
      4.841244     3.5178069E+002
      4.873519     3.4389633E+002
      4.906009     3.3618855E+002
      4.938716     3.2865342E+002
      4.971640     3.2128706E+002
