#  lambda [mu]  total average tau
    0.250832      0.3397752E+04
    0.252504      0.3333460E+04
    0.254188      0.3271426E+04
    0.255882      0.3211578E+04
    0.257588      0.3153844E+04
    0.259305      0.3098157E+04
    0.261034      0.3044451E+04
    0.262774      0.2992663E+04
    0.264526      0.2942732E+04
    0.266290      0.2894599E+04
    0.268065      0.2848208E+04
    0.269852      0.2803503E+04
    0.271651      0.2760431E+04
    0.273462      0.2718943E+04
    0.275285      0.2678987E+04
    0.277120      0.2640518E+04
    0.278968      0.2603488E+04
    0.280827      0.2567855E+04
    0.282700      0.2533574E+04
    0.284584      0.2500605E+04
    0.286482      0.2468907E+04
    0.288391      0.2438443E+04
    0.290314      0.2409176E+04
    0.292249      0.2381068E+04
    0.294198      0.2354086E+04
    0.296159      0.2328195E+04
    0.298133      0.2303365E+04
    0.300121      0.2279563E+04
    0.302122      0.3693861E+04
    0.304136      0.3792994E+04
    0.306164      0.3950409E+04
    0.308205      0.4212449E+04
    0.310259      0.4591940E+04
    0.312328      0.5139451E+04
    0.314410      0.5945738E+04
    0.316506      0.7193713E+04
    0.318616      0.9232786E+04
    0.320740      0.1287265E+05
    0.322878      0.2032585E+05
    0.325031      0.3955561E+05
    0.327198      0.1261855E+06
    0.329379      0.9587520E+07
    0.331575      0.4889953E+07
    0.333785      0.1020287E+06
    0.336011      0.3649174E+05
    0.338251      0.1957972E+05
    0.340506      0.1271309E+05
    0.342776      0.9202583E+04
    0.345061      0.7178266E+04
    0.347361      0.5902571E+04
    0.349677      0.5045423E+04
    0.352008      0.4440917E+04
    0.354355      0.4000703E+04
    0.356717      0.3666174E+04
    0.359096      0.3406344E+04
    0.361490      0.3200868E+04
    0.363899      0.3035482E+04
    0.366325      0.2900363E+04
    0.368768      0.2789258E+04
    0.371226      0.2695773E+04
    0.373701      0.2616599E+04
    0.376192      0.2549179E+04
    0.378700      0.2491361E+04
    0.381225      0.2441487E+04
    0.383766      0.2398536E+04
    0.386325      0.2357136E+04
    0.388900      0.1976143E+04
    0.391493      0.1913211E+04
    0.394103      0.1914160E+04
    0.396730      0.1915468E+04
    0.399375      0.1917086E+04
    0.402038      0.1919020E+04
    0.404718      0.1921268E+04
    0.407416      0.1923828E+04
    0.410132      0.1926728E+04
    0.412866      0.1932134E+04
    0.415619      0.1938694E+04
    0.418390      0.1942598E+04
    0.421179      0.1946685E+04
    0.423987      0.1951507E+04
    0.426813      0.1960955E+04
    0.429659      0.1957181E+04
    0.432523      0.1970995E+04
    0.435407      0.1970282E+04
    0.438309      0.1998120E+04
    0.441231      0.1984125E+04
    0.444173      0.1984049E+04
    0.447134      0.1991127E+04
    0.450115      0.2034795E+04
    0.453116      0.2008074E+04
    0.456136      0.2011497E+04
    0.459177      0.2017063E+04
    0.462239      0.2024984E+04
    0.465320      0.2082687E+04
    0.468422      0.2065097E+04
    0.471545      0.2048963E+04
    0.474689      0.2067530E+04
    0.477853      0.3314320E+04
    0.481039      0.6013345E+04
    0.484246      0.9674854E+04
    0.487474      0.1479862E+05
    0.490724      0.2259577E+05
    0.493996      0.3318976E+05
    0.497289      0.4992110E+05
    0.500604      0.7863616E+05
    0.503941      0.1251739E+06
    0.507301      0.2252374E+06
    0.510683      0.4204479E+06
    0.514088      0.7202710E+06
    0.517515      0.1000311E+07
    0.520965      0.1121092E+07
    0.524438      0.1240693E+07
    0.527934      0.1449398E+07
    0.531454      0.1592243E+07
    0.534997      0.1835962E+07
    0.538564      0.2106947E+07
    0.542154      0.2459761E+07
    0.545768      0.2835419E+07
    0.549407      0.3340680E+07
    0.553070      0.3954913E+07
    0.556757      0.4644550E+07
    0.560468      0.5539022E+07
    0.564205      0.6715365E+07
    0.567966      0.8244796E+07
    0.571753      0.1085271E+08
    0.575564      0.1556361E+08
    0.579401      0.2240328E+08
    0.583264      0.4379199E+08
    0.587153      0.1024952E+10
    0.591067      0.9361575E+09
    0.595007      0.3651898E+08
    0.598974      0.1646377E+08
    0.602967      0.1053595E+08
    0.606987      0.7376328E+07
    0.611034      0.5715270E+07
    0.615107      0.4602539E+07
    0.619208      0.3735827E+07
    0.623336      0.3188255E+07
    0.627491      0.2721499E+07
    0.631675      0.2303122E+07
    0.635886      0.1954099E+07
    0.640125      0.1667417E+07
    0.644393      0.1446756E+07
    0.648689      0.1298441E+07
    0.653013      0.1149942E+07
    0.657367      0.9950750E+06
    0.661749      0.8774427E+06
    0.666161      0.7924636E+06
    0.670602      0.7106315E+06
    0.675072      0.6328925E+06
    0.679573      0.5659490E+06
    0.684103      0.5076335E+06
    0.688664      0.4590210E+06
    0.693255      0.4209559E+06
    0.697877      0.3820617E+06
    0.702529      0.3416594E+06
    0.707213      0.3072695E+06
    0.711928      0.2828607E+06
    0.716674      0.2594355E+06
    0.721452      0.2349872E+06
    0.726261      0.2116385E+06
    0.731103      0.1924539E+06
    0.735977      0.1946242E+06
    0.740884      0.3597384E+06
    0.745823      0.5145171E+06
    0.750795      0.7788053E+06
    0.755800      0.1553145E+07
    0.760839      0.6357935E+07
    0.765911      0.9106821E+08
    0.771017      0.6338881E+08
    0.776157      0.3935213E+07
    0.781332      0.1610384E+07
    0.786541      0.1055118E+07
    0.791784      0.7677707E+06
    0.797063      0.5196201E+06
    0.802377      0.3697323E+06
    0.807726      0.3095634E+06
    0.813111      0.2695909E+06
    0.818531      0.2393583E+06
    0.823988      0.2042053E+06
    0.829482      0.1794493E+06
    0.835011      0.1595946E+06
    0.840578      0.1450468E+06
    0.846182      0.1285963E+06
    0.851823      0.1159870E+06
    0.857502      0.1063234E+06
    0.863219      0.9698449E+05
    0.868974      0.8904950E+05
    0.874767      0.8268581E+05
    0.880598      0.7618417E+05
    0.886469      0.6933642E+05
    0.892379      0.6417342E+05
    0.898328      0.5910945E+05
    0.904317      0.5463711E+05
    0.910346      0.5089770E+05
    0.916415      0.4752539E+05
    0.922524      0.4376102E+05
    0.928674      0.4309915E+05
    0.934865      0.4026019E+05
    0.941098      0.3681644E+05
    0.947372      0.3496491E+05
    0.953688      0.3296737E+05
    0.960046      0.3119729E+05
    0.966446      0.2940581E+05
    0.972889      0.2743618E+05
    0.979375      0.2567107E+05
    0.985904      0.2407157E+05
    0.992477      0.2268989E+05
    0.999093      0.2145857E+05
    1.005754      0.2027359E+05
    1.012459      0.1940894E+05
    1.019209      0.1850077E+05
    1.026003      0.1792842E+05
    1.032843      0.1770706E+05
    1.039729      0.1758084E+05
    1.046660      0.1753284E+05
    1.053638      0.1751303E+05
    1.060662      0.1749395E+05
    1.067734      0.1745849E+05
    1.074852      0.1752341E+05
    1.082017      0.1764231E+05
    1.089231      0.1821142E+05
    1.096492      0.1967908E+05
    1.103802      0.2126918E+05
    1.111161      0.2349190E+05
    1.118569      0.2347907E+05
    1.126026      0.2202719E+05
    1.133533      0.2480432E+05
    1.141090      0.2366230E+05
    1.148697      0.2182369E+05
    1.156355      0.2255281E+05
    1.164064      0.2527922E+05
    1.171824      0.2993778E+05
    1.179637      0.2877588E+05
    1.187501      0.2186524E+05
    1.195417      0.2097851E+05
    1.203387      0.2060980E+05
    1.211409      0.2055745E+05
    1.219486      0.2040799E+05
    1.227615      0.2022950E+05
    1.235800      0.2021564E+05
    1.244038      0.2088080E+05
    1.252332      0.2129907E+05
    1.260681      0.1915479E+05
    1.269085      0.1882959E+05
    1.277546      0.1883532E+05
    1.286063      0.1904868E+05
    1.294637      0.1927587E+05
    1.303267      0.1984483E+05
    1.311956      0.2076402E+05
    1.320702      0.2225852E+05
    1.329507      0.3077537E+05
    1.338370      0.7730175E+05
    1.347293      0.9997688E+05
    1.356275      0.9605305E+05
    1.365317      0.7657321E+05
    1.374419      0.6313979E+05
    1.383581      0.7734261E+05
    1.392805      0.8837644E+05
    1.402091      0.8679703E+05
    1.411438      0.1001898E+06
    1.420848      0.1060698E+06
    1.430320      0.1052709E+06
    1.439855      0.9702982E+05
    1.449454      0.9362206E+05
    1.459117      0.9136580E+05
    1.468845      0.8909520E+05
    1.478637      0.9020237E+05
    1.488495      0.8908507E+05
    1.498418      0.9058469E+05
    1.508407      0.9160552E+05
    1.518464      0.9412835E+05
    1.528587      0.9793007E+05
    1.538777      0.1015016E+06
    1.549036      0.1062485E+06
    1.559363      0.1127384E+06
    1.569758      0.1199637E+06
    1.580223      0.1286041E+06
    1.590758      0.1389835E+06
    1.601363      0.1515318E+06
    1.612039      0.1658753E+06
    1.622786      0.1801677E+06
    1.633605      0.1940274E+06
    1.644495      0.2083134E+06
    1.655459      0.2243826E+06
    1.666495      0.2437449E+06
    1.677605      0.2628247E+06
    1.688789      0.2820917E+06
    1.700048      0.3026228E+06
    1.711381      0.3244429E+06
    1.722790      0.3501061E+06
    1.734276      0.3784830E+06
    1.745838      0.4107994E+06
    1.757476      0.4465756E+06
    1.769193      0.4864887E+06
    1.780988      0.5334278E+06
    1.792861      0.5721737E+06
    1.804813      0.6196376E+06
    1.816845      0.6533581E+06
    1.828958      0.6654426E+06
    1.841151      0.6999738E+06
    1.853425      0.7602784E+06
    1.865781      0.7950184E+06
    1.878220      0.7873878E+06
    1.890741      0.7934584E+06
    1.903346      0.8179474E+06
    1.916035      0.8612708E+06
    1.928809      0.9044830E+06
    1.941667      0.9611467E+06
    1.954612      0.1000885E+07
    1.967643      0.1032276E+07
    1.980760      0.1063390E+07
    1.993965      0.1099036E+07
    2.007258      0.1118323E+07
    2.020640      0.1146479E+07
    2.034111      0.1180526E+07
    2.047672      0.1215132E+07
    2.061323      0.1254168E+07
    2.075065      0.1298411E+07
    2.088899      0.1347385E+07
    2.102825      0.1399995E+07
    2.116844      0.1455850E+07
    2.130956      0.1516436E+07
    2.145162      0.1580875E+07
    2.159463      0.1649210E+07
    2.173860      0.1721554E+07
    2.188352      0.1797244E+07
    2.202941      0.1879942E+07
    2.217627      0.1950904E+07
    2.232412      0.2021614E+07
    2.247294      0.2098045E+07
    2.262276      0.2174385E+07
    2.277358      0.2250524E+07
    2.292541      0.2318844E+07
    2.307824      0.2372012E+07
    2.323210      0.2442735E+07
    2.338698      0.2500647E+07
    2.354289      0.2520998E+07
    2.369984      0.2540227E+07
    2.385784      0.2559782E+07
    2.401689      0.2546059E+07
    2.417701      0.2546526E+07
    2.433819      0.2552113E+07
    2.450044      0.2572176E+07
    2.466378      0.2606137E+07
    2.482820      0.2670458E+07
    2.499372      0.2678662E+07
    2.516035      0.2692557E+07
    2.532809      0.2680398E+07
    2.549694      0.2581745E+07
    2.566692      0.2536769E+07
    2.583803      0.2268863E+07
    2.601029      0.2097342E+07
    2.618369      0.1820909E+07
    2.635824      0.1672141E+07
    2.653397      0.1574522E+07
    2.671086      0.1942358E+07
    2.688893      0.2113071E+07
    2.706819      0.1952464E+07
    2.724865      0.1793378E+07
    2.743030      0.1695805E+07
    2.761317      0.1727022E+07
    2.779726      0.1657414E+07
    2.798258      0.1641371E+07
    2.816913      0.1610252E+07
    2.835692      0.1576061E+07
    2.854597      0.1579660E+07
    2.873627      0.1478935E+07
    2.892785      0.1458289E+07
    2.912070      0.1398072E+07
    2.931484      0.1296080E+07
    2.951027      0.1226870E+07
    2.970701      0.1124214E+07
    2.990505      0.1068685E+07
    3.010442      0.1015633E+07
    3.030512      0.9739872E+06
    3.050715      0.9846140E+06
    3.071053      0.1023899E+07
    3.091527      0.1130317E+07
    3.112137      0.1211342E+07
    3.132884      0.1295258E+07
    3.153770      0.1331291E+07
    3.174796      0.1315095E+07
    3.195961      0.1241945E+07
    3.217267      0.1102089E+07
    3.238716      0.9794460E+06
    3.260307      0.8535774E+06
    3.282043      0.8084503E+06
    3.303923      0.1127671E+07
    3.325949      0.2211419E+07
    3.348122      0.1966340E+07
    3.370443      0.1118445E+07
    3.392912      0.8251736E+06
    3.415532      0.8274408E+06
    3.438302      0.8759041E+06
    3.461224      0.8354431E+06
    3.484299      0.8075013E+06
    3.507527      0.7828921E+06
    3.530911      0.7685269E+06
    3.554450      0.7551527E+06
    3.578147      0.7066263E+06
    3.602001      0.6358635E+06
    3.626014      0.5770187E+06
    3.650188      0.5322735E+06
    3.674522      0.4903190E+06
    3.699019      0.4581875E+06
    3.723679      0.4351908E+06
    3.748504      0.4159643E+06
    3.773494      0.4049468E+06
    3.798651      0.3984607E+06
    3.823975      0.3953494E+06
    3.849468      0.3914997E+06
    3.875131      0.3915621E+06
    3.900965      0.3941521E+06
    3.926972      0.3970656E+06
    3.953152      0.4021921E+06
    3.979506      0.4090506E+06
    4.006036      0.4164106E+06
    4.032743      0.4259405E+06
    4.059628      0.4359980E+06
    4.086692      0.4518428E+06
    4.113937      0.4632982E+06
    4.141363      0.4777644E+06
    4.168972      0.4942786E+06
    4.196765      0.5051693E+06
    4.224744      0.5191798E+06
    4.252909      0.5391353E+06
    4.281261      0.5490840E+06
    4.309803      0.5646141E+06
    4.338535      0.5920603E+06
    4.367459      0.6325460E+06
    4.396575      0.6836276E+06
    4.425885      0.7354254E+06
    4.455391      0.8029380E+06
    4.485094      0.8939051E+06
    4.514995      0.9234389E+06
    4.545095      0.9046936E+06
    4.575395      0.8914832E+06
    4.605898      0.8803890E+06
    4.636604      0.8455116E+06
    4.667515      0.8359508E+06
    4.698631      0.8544877E+06
    4.729955      0.8993299E+06
    4.761489      0.9442726E+06
    4.793232      0.1018236E+07
    4.825187      0.1059269E+07
    4.857355      0.1108547E+07
    4.889737      0.1139216E+07
    4.922335      0.1149891E+07
    4.955151      0.1185916E+07
    4.985800      0.1157153E+07
