#  lambda [mu]   flux(180.0) [Jy]         fstar [Jy]
      0.250832     1.7015877E-015     1.7271179E-001     1.1849808E-005
      0.252504     2.2636112E-015     1.7390208E-001     1.1931473E-005
      0.254188     3.0045558E-015     1.7509771E-001     1.2013506E-005
      0.255882     3.9756290E-015     1.7629871E-001     1.2095907E-005
      0.257588     5.1296004E-015     1.7750509E-001     1.2178677E-005
      0.259305     6.6030109E-015     1.8028470E-001     1.2369388E-005
      0.261034     8.4625878E-015     2.0480595E-001     1.4051798E-005
      0.262774     1.0317040E-014     2.3265876E-001     1.5962787E-005
      0.264526     1.2497493E-014     2.6429529E-001     1.8133379E-005
      0.266290     1.5048113E-014     3.0022903E-001     2.0598803E-005
      0.268065     1.8288806E-014     3.4104305E-001     2.3399066E-005
      0.269852     2.2121138E-014     3.8739949E-001     2.6579595E-005
      0.271651     2.6682038E-014     4.0542826E-001     2.7816554E-005
      0.273462     3.2875235E-014     4.0726444E-001     2.7942535E-005
      0.275285     4.0383586E-014     4.0910277E-001     2.8068663E-005
      0.277120     4.9548408E-014     4.1094322E-001     2.8194938E-005
      0.278968     6.1634318E-014     4.1278581E-001     2.8321358E-005
      0.280827     7.6452899E-014     4.1463051E-001     2.8447923E-005
      0.282700     9.4670156E-014     4.1647732E-001     2.8574634E-005
      0.284584     1.1781806E-013     4.6864142E-001     3.2153628E-005
      0.286482     1.4622122E-013     5.2874197E-001     3.6277145E-005
      0.288391     1.8120964E-013     5.9654145E-001     4.0928888E-005
      0.290314     2.2570338E-013     6.7302506E-001     4.6176451E-005
      0.292249     2.8030251E-013     7.5930392E-001     5.2096070E-005
      0.294198     3.4600906E-013     8.5663122E-001     5.8773724E-005
      0.296159     4.1881270E-013     9.6642027E-001     6.6306384E-005
      0.298133     5.0568836E-013     1.0149944E+000     6.9639073E-005
      0.300121     6.0688782E-013     1.0641160E+000     7.3009314E-005
      0.302122     1.5866539E-012     1.1155993E+000     7.6541603E-005
      0.304136     1.9776496E-012     1.1695574E+000     8.0243686E-005
      0.306164     2.5061034E-012     1.2261086E+000     8.4123679E-005
      0.308205     3.2621795E-012     1.2853767E+000     8.8190081E-005
      0.310259     4.3522061E-012     1.3474916E+000     9.2451800E-005
      0.312328     5.9697329E-012     1.3772416E+000     9.4492961E-005
      0.314410     8.4551112E-012     1.3871110E+000     9.5170103E-005
      0.316506     1.2506769E-011     1.3970326E+000     9.5850827E-005
      0.318616     1.9530441E-011     1.4070067E+000     9.6535148E-005
      0.320740     3.2754192E-011     1.5060015E+000     1.0332721E-004
      0.322878     6.0596739E-011     1.6332621E+000     1.1205860E-004
      0.325031     1.2913069E-010     1.7712536E+000     1.2152624E-004
      0.327198     3.3286803E-010     1.9208791E+000     1.3179209E-004
      0.329379     7.5461666E-010     1.9464151E+000     1.3354412E-004
      0.331575     8.6906067E-010     1.9596345E+000     1.3445111E-004
      0.333785     4.8391811E-010     1.9729187E+000     1.3536254E-004
      0.336011     2.6506765E-010     1.9862681E+000     1.3627845E-004
      0.338251     1.7600829E-010     2.0059698E+000     1.3763019E-004
      0.340506     1.3425470E-010     2.0265491E+000     1.3904214E-004
      0.342776     1.1183940E-010     2.0473143E+000     1.4046685E-004
      0.345061     9.9538179E-011     2.0682669E+000     1.4190441E-004
      0.347361     9.3143287E-011     2.2000615E+000     1.5094688E-004
      0.349677     9.0397376E-011     2.3752777E+000     1.6296851E-004
      0.352008     9.0167601E-011     2.4970140E+000     1.7132088E-004
      0.354355     9.1774800E-011     2.5909712E+000     1.7776731E-004
      0.356717     9.4880644E-011     2.5179138E+000     1.7275482E-004
      0.359096     9.9266953E-011     2.3122440E+000     1.5864376E-004
      0.361490     1.0481430E-010     2.2884165E+000     1.5700894E-004
      0.363899     1.1159650E-010     2.5710482E+000     1.7640039E-004
      0.366325     1.1954907E-010     2.8263181E+000     1.9391453E-004
      0.368768     1.2872334E-010     2.8013376E+000     1.9220061E-004
      0.371226     1.3917181E-010     2.7765460E+000     1.9049966E-004
      0.373701     1.5096351E-010     2.7519424E+000     1.8881159E-004
      0.376192     1.6419450E-010     2.7275259E+000     1.8713637E-004
      0.378700     1.7899807E-010     2.7032955E+000     1.8547391E-004
      0.381225     1.9612175E-010     2.6792502E+000     1.8382416E-004
      0.383766     2.1626632E-010     2.6553892E+000     1.8218705E-004
      0.386325     2.3807713E-010     2.6317115E+000     1.8056251E-004
      0.388900     1.9094868E-010     2.6082162E+000     1.7895049E-004
      0.391493     2.0011959E-010     2.5849022E+000     1.7735092E-004
      0.394103     2.2504357E-010     2.5617688E+000     1.7576372E-004
      0.396730     2.5468315E-010     2.6620886E+000     1.8264670E-004
      0.399375     2.8969380E-010     2.8287399E+000     1.9408069E-004
      0.402038     3.2886398E-010     3.0057916E+000     2.0622826E-004
      0.404718     3.7277600E-010     3.1938910E+000     2.1913382E-004
      0.407416     4.2191478E-010     3.3937254E+000     2.3284452E-004
      0.410132     4.7701826E-010     3.6060251E+000     2.4741046E-004
      0.412866     5.9405882E-010     3.8315653E+000     2.6288484E-004
      0.415619     1.2056155E-009     4.0711696E+000     2.7932417E-004
      0.418390     1.3301947E-009     4.3257126E+000     2.9678843E-004
      0.421179     9.4594062E-010     4.5961230E+000     3.1534138E-004
      0.423987     2.4656776E-009     4.8833874E+000     3.3505067E-004
      0.426813     1.7797477E-009     5.1885534E+000     3.5598820E-004
      0.429659     2.1659424E-009     5.4772102E+000     3.7579303E-004
      0.432523     3.2650027E-009     5.6613381E+000     3.8842610E-004
      0.435407     1.5765193E-009     5.8515972E+000     4.0147983E-004
      0.438309     2.7542734E-009     6.0481900E+000     4.1496813E-004
      0.441231     2.8576449E-009     6.2513257E+000     4.2890533E-004
      0.444173     2.0189755E-009     6.4612203E+000     4.4330626E-004
      0.447134     2.2145758E-009     6.6780969E+000     4.5818623E-004
      0.450115     7.9566036E-009     6.9021860E+000     4.7356105E-004
      0.453116     3.3099121E-009     7.1337254E+000     4.8944704E-004
      0.456136     3.0548266E-009     7.3729610E+000     5.0586106E-004
      0.459177     3.3057084E-009     7.6201466E+000     5.2282054E-004
      0.462239     3.6164863E-009     7.8755443E+000     5.4034345E-004
      0.465320     1.4591931E-008     8.1394248E+000     5.5844837E-004
      0.468422     7.4710374E-009     8.4120678E+000     5.7715449E-004
      0.471545     4.9088611E-009     8.5187637E+000     5.8447493E-004
      0.474689     1.1726163E-008     8.5395722E+000     5.8590261E-004
      0.477853     6.5725239E-009     8.5603523E+000     5.8732834E-004
      0.481039     6.5881898E-009     8.5811040E+000     5.8875211E-004
      0.484246     7.2973990E-009     8.6018272E+000     5.9017394E-004
      0.487474     8.0919155E-009     8.6225219E+000     5.9159381E-004
      0.490724     8.9794326E-009     8.6431881E+000     5.9301172E-004
      0.493996     1.1898000E-008     8.6638259E+000     5.9442769E-004
      0.497289     1.0538542E-007     8.6844352E+000     5.9584170E-004
      0.500604     3.0243536E-007     8.7050161E+000     5.9725376E-004
      0.503941     6.1320740E-007     8.7255684E+000     5.9866386E-004
      0.507301     1.1130033E-006     8.7460924E+000     6.0007202E-004
      0.510683     1.5868908E-006     8.7665879E+000     6.0147822E-004
      0.514088     1.8879164E-006     8.7870549E+000     6.0288247E-004
      0.517515     2.0932413E-006     8.8074936E+000     6.0428477E-004
      0.520965     2.2830419E-006     8.9488308E+000     6.1398196E-004
      0.524438     2.4848211E-006     9.1327913E+000     6.2660354E-004
      0.527934     2.7019300E-006     9.3204541E+000     6.3947915E-004
      0.531454     2.9332090E-006     9.5118927E+000     6.5261380E-004
      0.534997     3.1711296E-006     9.7071817E+000     6.6601264E-004
      0.538564     3.4402512E-006     9.9063974E+000     6.7968089E-004
      0.542154     3.7153008E-006     1.0109618E+001     6.9362389E-004
      0.545768     4.0082266E-006     1.0316921E+001     7.0784706E-004
      0.549407     4.3136291E-006     1.0528389E+001     7.2235595E-004
      0.553070     4.6332421E-006     1.0738916E+001     7.3680027E-004
      0.556757     4.9695134E-006     1.0830528E+001     7.4308579E-004
      0.560468     5.3082807E-006     1.0922834E+001     7.4941888E-004
      0.564205     5.6520868E-006     1.1015837E+001     7.5579989E-004
      0.567966     6.0181190E-006     1.1109544E+001     7.6222914E-004
      0.571753     6.3146716E-006     1.1203959E+001     7.6870699E-004
      0.575564     6.5056723E-006     1.1299088E+001     7.7523378E-004
      0.579401     6.6445899E-006     1.1394934E+001     7.8180986E-004
      0.583264     6.2275953E-006     1.1491505E+001     7.8843559E-004
      0.587153     3.8944717E-006     1.1588804E+001     7.9511131E-004
      0.591067     4.2160275E-006     1.1686837E+001     8.0183738E-004
      0.595007     8.4491087E-006     1.1774409E+001     8.0784573E-004
      0.598974     1.0118650E-005     1.1856678E+001     8.1349020E-004
      0.602967     1.1320640E-005     1.1939431E+001     8.1916792E-004
      0.606987     1.2458560E-005     1.2022671E+001     8.2487907E-004
      0.611034     1.3583755E-005     1.2106402E+001     8.3062383E-004
      0.615107     1.4698421E-005     1.2190625E+001     8.3640240E-004
      0.619208     1.5868383E-005     1.2275343E+001     8.4221496E-004
      0.623336     1.7057870E-005     1.2347193E+001     8.4714458E-004
      0.627491     1.8315197E-005     1.2390135E+001     8.5009085E-004
      0.631675     1.9638343E-005     1.2433136E+001     8.5304120E-004
      0.635886     2.1022968E-005     1.2476197E+001     8.5599562E-004
      0.640125     2.2474815E-005     1.2519318E+001     8.5895415E-004
      0.644393     2.3992083E-005     1.2562498E+001     8.6191677E-004
      0.648689     2.5579935E-005     1.2605739E+001     8.6488350E-004
      0.653013     2.7247706E-005     1.2649039E+001     8.6785436E-004
      0.657367     2.8988916E-005     1.2704244E+001     8.7164196E-004
      0.661749     3.0806513E-005     1.2767703E+001     8.7599593E-004
      0.666161     3.2704264E-005     1.2831391E+001     8.8036558E-004
      0.670602     3.4665281E-005     1.2895309E+001     8.8475098E-004
      0.675072     3.6685563E-005     1.2959456E+001     8.8915219E-004
      0.679573     3.8770677E-005     1.3023836E+001     8.9356926E-004
      0.684103     4.0906876E-005     1.3088447E+001     8.9800225E-004
      0.688664     4.3112900E-005     1.3153291E+001     9.0245122E-004
      0.693255     4.5408910E-005     1.3187836E+001     9.0482138E-004
      0.697877     4.7648615E-005     1.3186228E+001     9.0471106E-004
      0.702529     4.9860724E-005     1.3184534E+001     9.0459485E-004
      0.707213     5.2113837E-005     1.3182755E+001     9.0447278E-004
      0.711928     5.4525554E-005     1.3180891E+001     9.0434490E-004
      0.716674     5.7013966E-005     1.3178943E+001     9.0421124E-004
      0.721452     5.9196531E-005     1.3176912E+001     9.0407186E-004
      0.726261     6.1274661E-005     1.3174797E+001     9.0392678E-004
      0.731103     6.3509339E-005     1.3172600E+001     9.0377606E-004
      0.735977     6.6597189E-005     1.3233260E+001     9.0793795E-004
      0.740884     7.7474136E-005     1.3304804E+001     9.1284658E-004
      0.745823     8.4289744E-005     1.3376652E+001     9.1777610E-004
      0.750795     8.9889761E-005     1.3448806E+001     9.2272662E-004
      0.755800     9.4698129E-005     1.3494735E+001     9.2587779E-004
      0.760839     9.5980004E-005     1.3494100E+001     9.2583422E-004
      0.765911     6.9147775E-005     1.3493384E+001     9.2578511E-004
      0.771017     8.0897327E-005     1.3492588E+001     9.2573051E-004
      0.776157     1.1370766E-004     1.3491713E+001     9.2567045E-004
      0.781332     1.2168163E-004     1.3539185E+001     9.2892756E-004
      0.786541     1.2809508E-004     1.3604618E+001     9.3341691E-004
      0.791784     1.3417044E-004     1.3670288E+001     9.3792254E-004
      0.797063     1.3900306E-004     1.3736196E+001     9.4244452E-004
      0.802377     1.4331689E-004     1.3754428E+001     9.4369539E-004
      0.807726     1.4801562E-004     1.3711351E+001     9.4073991E-004
      0.813111     1.5303748E-004     1.3668333E+001     9.3778842E-004
      0.818531     1.5836379E-004     1.3625374E+001     9.3484098E-004
      0.823988     1.6103496E-004     1.3583499E+001     9.3196793E-004
      0.829482     1.6584890E-004     1.3595751E+001     9.3280851E-004
      0.835011     1.6987420E-004     1.3607939E+001     9.3364477E-004
      0.840578     1.7440220E-004     1.3620065E+001     9.3447672E-004
      0.846182     1.7771680E-004     1.3632128E+001     9.3530438E-004
      0.851823     1.8114129E-004     1.3644129E+001     9.3612778E-004
      0.857502     1.8469673E-004     1.3656069E+001     9.3694695E-004
      0.863219     1.8787227E-004     1.3667947E+001     9.3776191E-004
      0.868974     1.9104686E-004     1.3679764E+001     9.3857268E-004
      0.874767     1.9464870E-004     1.3691520E+001     9.3937929E-004
      0.880598     1.9753269E-004     1.3703216E+001     9.4018177E-004
      0.886469     2.0006409E-004     1.3709866E+001     9.4063801E-004
      0.892379     2.1111747E-004     1.3692425E+001     9.3944135E-004
      0.898328     2.1367687E-004     1.3674937E+001     9.3824150E-004
      0.904317     2.1141278E-004     1.3657403E+001     9.3703851E-004
      0.910346     2.1713753E-004     1.3639824E+001     9.3583243E-004
      0.916415     2.2759304E-004     1.3622201E+001     9.3462332E-004
      0.922524     2.3178180E-004     1.3604535E+001     9.3341122E-004
      0.928674     2.7880988E-004     1.3586826E+001     9.3219618E-004
      0.934865     2.9434464E-004     1.3569074E+001     9.3097826E-004
      0.941098     2.9754119E-004     1.3551282E+001     9.2975750E-004
      0.947372     2.9888439E-004     1.3533449E+001     9.2853395E-004
      0.953688     3.0474724E-004     1.3515575E+001     9.2730767E-004
      0.960046     3.1765170E-004     1.3512156E+001     9.2707306E-004
      0.966446     3.3257254E-004     1.3524256E+001     9.2790324E-004
      0.972889     3.4794892E-004     1.3536304E+001     9.2872990E-004
      0.979375     3.5852320E-004     1.3548302E+001     9.2955308E-004
      0.985904     3.5852053E-004     1.3560250E+001     9.3037279E-004
      0.992477     3.5108572E-004     1.3572147E+001     9.3118906E-004
      0.999093     3.5009374E-004     1.3583994E+001     9.3200191E-004
      1.005754     3.4794228E-004     1.3595792E+001     9.3281137E-004
      1.012459     3.3678174E-004     1.3607541E+001     9.3361745E-004
      1.019209     3.3042367E-004     1.3619241E+001     9.3442017E-004
      1.026003     3.2324259E-004     1.3630892E+001     9.3521957E-004
      1.032843     3.0443486E-004     1.3642495E+001     9.3601566E-004
      1.039729     2.9114906E-004     1.3635862E+001     9.3556056E-004
      1.046660     2.8653657E-004     1.3605731E+001     9.3349326E-004
      1.053638     2.7573917E-004     1.3575610E+001     9.3142665E-004
      1.060662     2.7000048E-004     1.3545499E+001     9.2936077E-004
      1.067734     2.6587460E-004     1.3515401E+001     9.2729568E-004
      1.074852     2.6937961E-004     1.3485314E+001     9.2523143E-004
      1.082017     2.7227958E-004     1.3455240E+001     9.2316804E-004
      1.089231     4.0145445E-004     1.3425179E+001     9.2110558E-004
      1.096492     5.7418052E-004     1.3395133E+001     9.1904409E-004
      1.103802     6.1203215E-004     1.3365101E+001     9.1698360E-004
      1.111161     6.6694271E-004     1.3335085E+001     9.1492417E-004
      1.118569     7.0546471E-004     1.3305084E+001     9.1286583E-004
      1.126026     7.1700287E-004     1.3275101E+001     9.1080863E-004
      1.133533     8.0929527E-004     1.3248565E+001     9.0898798E-004
      1.141090     8.5668819E-004     1.3228666E+001     9.0762273E-004
      1.148697     8.4724109E-004     1.3208748E+001     9.0625613E-004
      1.156355     8.8100270E-004     1.3188811E+001     9.0488824E-004
      1.164064     9.1940376E-004     1.3168855E+001     9.0351909E-004
      1.171824     9.6424502E-004     1.3148882E+001     9.0214872E-004
      1.179637     9.8660982E-004     1.3128891E+001     9.0077717E-004
      1.187501     9.6694795E-004     1.3108884E+001     8.9940447E-004
      1.195417     9.5658922E-004     1.3088861E+001     8.9803068E-004
      1.203387     9.5082477E-004     1.3068822E+001     8.9665582E-004
      1.211409     9.5283001E-004     1.3048769E+001     8.9527994E-004
      1.219486     9.3671514E-004     1.3029589E+001     8.9396400E-004
      1.227615     9.0902399E-004     1.3010750E+001     8.9267147E-004
      1.235800     8.9417756E-004     1.2991895E+001     8.9137777E-004
      1.244038     9.2024295E-004     1.2973022E+001     8.9008294E-004
      1.252332     9.1581810E-004     1.2954134E+001     8.8878701E-004
      1.260681     8.4896002E-004     1.2935230E+001     8.8749002E-004
      1.269085     8.5386910E-004     1.2916311E+001     8.8619200E-004
      1.277546     8.5401892E-004     1.2897378E+001     8.8489299E-004
      1.286063     8.8240541E-004     1.2878431E+001     8.8359301E-004
      1.294637     9.1372119E-004     1.2859470E+001     8.8229212E-004
      1.303267     9.8588272E-004     1.2840497E+001     8.8099034E-004
      1.311956     1.1182653E-003     1.2816772E+001     8.7936258E-004
      1.320702     1.2408589E-003     1.2780714E+001     8.7688863E-004
      1.329507     1.4629547E-003     1.2744718E+001     8.7441893E-004
      1.338370     1.5867295E-003     1.2708784E+001     8.7195349E-004
      1.347293     1.6026998E-003     1.2672913E+001     8.6949236E-004
      1.356275     1.6168037E-003     1.2637105E+001     8.6703555E-004
      1.365317     1.6691159E-003     1.2601360E+001     8.6458310E-004
      1.374419     1.7094354E-003     1.2565679E+001     8.6213502E-004
      1.383581     1.7622661E-003     1.2529931E+001     8.5968234E-004
      1.392805     1.7828765E-003     1.2493446E+001     8.5717906E-004
      1.402091     1.7945928E-003     1.2457031E+001     8.5468060E-004
      1.411438     1.8024391E-003     1.2420686E+001     8.5218698E-004
      1.420848     1.8171132E-003     1.2384412E+001     8.4969821E-004
      1.430320     1.8504821E-003     1.2348209E+001     8.4721433E-004
      1.439855     1.9164877E-003     1.2312078E+001     8.4473534E-004
      1.449454     1.9702685E-003     1.2276018E+001     8.4226127E-004
      1.459117     2.0299976E-003     1.2240030E+001     8.3979215E-004
      1.468845     2.0764868E-003     1.2193597E+001     8.3660632E-004
      1.478637     2.1171642E-003     1.2138312E+001     8.3281321E-004
      1.488495     2.1778997E-003     1.2083245E+001     8.2903508E-004
      1.498418     2.2197475E-003     1.2028397E+001     8.2527190E-004
      1.508407     2.2889844E-003     1.1973766E+001     8.2152364E-004
      1.518464     2.3476931E-003     1.1919352E+001     8.1779028E-004
      1.528587     2.4002470E-003     1.1865154E+001     8.1407178E-004
      1.538777     2.4612409E-003     1.1811173E+001     8.1036811E-004
      1.549036     2.5191660E-003     1.1757407E+001     8.0667925E-004
      1.559363     2.5625801E-003     1.1703857E+001     8.0300516E-004
      1.569758     2.6145374E-003     1.1650522E+001     7.9934581E-004
      1.580223     2.6538977E-003     1.1597401E+001     7.9570117E-004
      1.590758     2.6845936E-003     1.1544494E+001     7.9207120E-004
      1.601363     2.7141261E-003     1.1491801E+001     7.8845589E-004
      1.612039     2.7330453E-003     1.1439320E+001     7.8485518E-004
      1.622786     2.7531313E-003     1.1387052E+001     7.8126906E-004
      1.633605     2.7674271E-003     1.1334996E+001     7.7769748E-004
      1.644495     2.7831577E-003     1.1283152E+001     7.7414042E-004
      1.655459     2.8171438E-003     1.1231518E+001     7.7059784E-004
      1.666495     2.8299407E-003     1.1180096E+001     7.6706970E-004
      1.677605     2.8536182E-003     1.1081020E+001     7.6027210E-004
      1.688789     2.9106114E-003     1.0961929E+001     7.5210123E-004
      1.700048     2.9920838E-003     1.0844094E+001     7.4401651E-004
      1.711381     3.0700782E-003     1.0727501E+001     7.3601707E-004
      1.722790     3.1225079E-003     1.0612139E+001     7.2810202E-004
      1.734276     3.1529886E-003     1.0497994E+001     7.2027053E-004
      1.745838     3.1620587E-003     1.0385055E+001     7.1252173E-004
      1.757476     3.1727869E-003     1.0273309E+001     7.0485478E-004
      1.769193     3.1736669E-003     1.0162743E+001     6.9726884E-004
      1.780988     3.1653751E-003     1.0053346E+001     6.8976310E-004
      1.792861     3.1774190E-003     9.9451065E+000     6.8233673E-004
      1.804813     3.1596937E-003     9.8380116E+000     6.7498892E-004
      1.816845     3.1961809E-003     9.7320501E+000     6.6771887E-004
      1.828958     3.2270918E-003     9.6272103E+000     6.6052578E-004
      1.841151     3.2166323E-003     9.5234807E+000     6.5340886E-004
      1.853425     3.1563183E-003     9.4208499E+000     6.4636733E-004
      1.865781     3.2212233E-003     9.3193068E+000     6.3940043E-004
      1.878220     3.2765865E-003     9.2188400E+000     6.3250737E-004
      1.890741     3.3544153E-003     9.1194386E+000     6.2568741E-004
      1.903346     3.4417835E-003     9.0210916E+000     6.1893980E-004
      1.916035     3.4689356E-003     8.9237882E+000     6.1226378E-004
      1.928809     3.5011441E-003     8.8275177E+000     6.0565863E-004
      1.941667     3.5035738E-003     8.7322693E+000     5.9912361E-004
      1.954612     3.5375064E-003     8.6525631E+000     5.9365495E-004
      1.967643     3.5563630E-003     8.5765132E+000     5.8843714E-004
      1.980760     3.5782578E-003     8.5011162E+000     5.8326413E-004
      1.993965     3.5905035E-003     8.4263669E+000     5.7813555E-004
      2.007258     3.6301650E-003     8.3522597E+000     5.7305104E-004
      2.020640     3.6899737E-003     8.2787897E+000     5.6801024E-004
      2.034111     3.7587812E-003     8.2059514E+000     5.6301278E-004
      2.047672     3.8186694E-003     8.1337398E+000     5.5805833E-004
      2.061323     3.9023064E-003     8.0621498E+000     5.5314651E-004
      2.075065     3.9689426E-003     7.9911761E+000     5.4827698E-004
      2.088899     4.0355514E-003     7.9208138E+000     5.4344940E-004
      2.102825     4.0975083E-003     7.8499835E+000     5.3858972E-004
      2.116844     4.1586330E-003     7.7698674E+000     5.3309293E-004
      2.130956     4.2053890E-003     7.6905563E+000     5.2765137E-004
      2.145162     4.2438323E-003     7.6120423E+000     5.2226450E-004
      2.159463     4.2822917E-003     7.5343176E+000     5.1693179E-004
      2.173860     4.3109458E-003     7.4573746E+000     5.1165270E-004
      2.188352     4.3374445E-003     7.3812055E+000     5.0642672E-004
      2.202941     4.3577979E-003     7.3058028E+000     5.0125332E-004
      2.217627     4.3782763E-003     7.2311591E+000     4.9613199E-004
      2.232412     4.3992057E-003     7.1572669E+000     4.9106223E-004
      2.247294     4.4145830E-003     7.0841189E+000     4.8604352E-004
      2.262276     4.4302705E-003     7.0117077E+000     4.8107537E-004
      2.277358     4.4485913E-003     6.9400262E+000     4.7615728E-004
      2.292541     4.3828985E-003     6.8662452E+000     4.7109514E-004
      2.307824     4.4130142E-003     6.7885224E+000     4.6576255E-004
      2.323210     4.3729923E-003     6.7116694E+000     4.6048965E-004
      2.338698     4.4010560E-003     6.6356768E+000     4.5527577E-004
      2.354289     4.3783531E-003     6.5605351E+000     4.5012028E-004
      2.369984     4.3984937E-003     6.4862351E+000     4.4502253E-004
      2.385784     4.3740821E-003     6.4127673E+000     4.3998189E-004
      2.401689     4.3577959E-003     6.3401228E+000     4.3499773E-004
      2.417701     4.2991576E-003     6.2682925E+000     4.3006943E-004
      2.433819     4.2387430E-003     6.1972674E+000     4.2519637E-004
      2.450044     4.1954500E-003     6.1270387E+000     4.2037796E-004
      2.466378     4.1688500E-003     6.0575975E+000     4.1561358E-004
      2.482820     4.1377140E-003     5.9889353E+000     4.1090265E-004
      2.499372     4.1145944E-003     5.9210435E+000     4.0624457E-004
      2.516035     4.0710130E-003     5.8539136E+000     4.0163876E-004
      2.532809     4.0427637E-003     5.7881279E+000     3.9712519E-004
      2.549694     4.0632311E-003     5.7248222E+000     3.9278177E-004
      2.566692     4.0409112E-003     5.6622017E+000     3.8848535E-004
      2.583803     4.0623057E-003     5.6002589E+000     3.8423544E-004
      2.601029     4.0909470E-003     5.5389868E+000     3.8003154E-004
      2.618369     4.1297737E-003     5.4783782E+000     3.7587317E-004
      2.635824     4.1395727E-003     5.4184260E+000     3.7175983E-004
      2.653397     4.2203843E-003     5.3591233E+000     3.6769105E-004
      2.671086     4.1776328E-003     5.3004632E+000     3.6366636E-004
      2.688893     4.1373860E-003     5.2424387E+000     3.5968529E-004
      2.706819     4.1197299E-003     5.1850433E+000     3.5574737E-004
      2.724865     4.0887081E-003     5.1282701E+000     3.5185215E-004
      2.743030     4.0550507E-003     5.0721126E+000     3.4799916E-004
      2.761317     4.0558923E-003     5.0165641E+000     3.4418797E-004
      2.779726     4.0517581E-003     4.9616183E+000     3.4041812E-004
      2.798258     4.0707555E-003     4.9072686E+000     3.3668917E-004
      2.816913     4.0218655E-003     4.8535088E+000     3.3300069E-004
      2.835692     4.0690647E-003     4.7966059E+000     3.2909657E-004
      2.854597     4.0631199E-003     4.7356675E+000     3.2491556E-004
      2.873627     4.0890004E-003     4.6754981E+000     3.2078732E-004
      2.892785     4.0839894E-003     4.6160881E+000     3.1671118E-004
      2.912070     4.0244133E-003     4.5574280E+000     3.1268650E-004
      2.931484     4.0790336E-003     4.4995085E+000     3.0871262E-004
      2.951027     4.0553884E-003     4.4423203E+000     3.0478893E-004
      2.970701     4.0890012E-003     4.3858543E+000     3.0091478E-004
      2.990505     4.1055947E-003     4.3301015E+000     2.9708956E-004
      3.010442     4.1156760E-003     4.2750529E+000     2.9331266E-004
      3.030512     4.1321050E-003     4.2206999E+000     2.8958348E-004
      3.050715     4.1376144E-003     4.1694972E+000     2.8607045E-004
      3.071053     4.1960212E-003     4.1219616E+000     2.8280902E-004
      3.091527     4.2059382E-003     4.0749638E+000     2.7958449E-004
      3.112137     4.2286732E-003     4.0284979E+000     2.7639645E-004
      3.132884     4.2624813E-003     3.9825579E+000     2.7324449E-004
      3.153770     4.3010584E-003     3.9371379E+000     2.7012821E-004
      3.174796     4.3083210E-003     3.8922321E+000     2.6704721E-004
      3.195961     4.2964431E-003     3.8478348E+000     2.6400109E-004
      3.217267     4.3658095E-003     3.8039402E+000     2.6098948E-004
      3.238716     4.3747604E-003     3.7605428E+000     2.5801197E-004
      3.260307     4.4309860E-003     3.7176370E+000     2.5506819E-004
      3.282043     4.4138546E-003     3.6752174E+000     2.5215776E-004
      3.303923     4.4115022E-003     3.6325947E+000     2.4923341E-004
      3.325949     4.4594578E-003     3.5899765E+000     2.4630936E-004
      3.348122     4.4346852E-003     3.5478550E+000     2.4341940E-004
      3.370443     4.4508523E-003     3.5062246E+000     2.4056312E-004
      3.392912     4.4515815E-003     3.4650796E+000     2.3774015E-004
      3.415532     4.4445031E-003     3.4244144E+000     2.3495010E-004
      3.438302     4.4511427E-003     3.3842235E+000     2.3219259E-004
      3.461224     4.4553720E-003     3.3445013E+000     2.2946724E-004
      3.484299     4.4405729E-003     3.3052426E+000     2.2677368E-004
      3.507527     4.4557924E-003     3.2664418E+000     2.2411155E-004
      3.530911     4.4480833E-003     3.2280939E+000     2.2148049E-004
      3.554450     4.4583697E-003     3.1901934E+000     2.1888012E-004
      3.578147     4.4530780E-003     3.1527353E+000     2.1631011E-004
      3.602001     4.4499611E-003     3.1157144E+000     2.1377010E-004
      3.626014     4.4474354E-003     3.0791258E+000     2.1125974E-004
      3.650188     4.4434866E-003     3.0429643E+000     2.0877869E-004
      3.674522     4.4381954E-003     3.0072251E+000     2.0632661E-004
      3.699019     4.4326022E-003     2.9719032E+000     2.0390317E-004
      3.723679     4.4261330E-003     2.9369940E+000     2.0150803E-004
      3.748504     4.4127029E-003     2.9024925E+000     1.9914088E-004
      3.773494     4.4046504E-003     2.8683940E+000     1.9680137E-004
      3.798651     4.3923590E-003     2.8335832E+000     1.9441299E-004
      3.823975     4.3714471E-003     2.7954890E+000     1.9179934E-004
      3.849468     4.3664822E-003     2.7579048E+000     1.8922067E-004
      3.875131     4.3479918E-003     2.7208238E+000     1.8667654E-004
      3.900965     4.3281496E-003     2.6842395E+000     1.8416647E-004
      3.926972     4.3137401E-003     2.6481450E+000     1.8169002E-004
      3.953152     4.2931876E-003     2.6125341E+000     1.7924674E-004
      3.979506     4.2658136E-003     2.5774001E+000     1.7683619E-004
      4.006036     4.2434054E-003     2.5427368E+000     1.7445793E-004
      4.032743     4.2116594E-003     2.5085378E+000     1.7211153E-004
      4.059628     4.1845002E-003     2.4747971E+000     1.6979657E-004
      4.086692     4.1246143E-003     2.4415085E+000     1.6751263E-004
      4.113937     4.1073060E-003     2.4086659E+000     1.6525929E-004
      4.141363     4.0689170E-003     2.3762636E+000     1.6303615E-004
      4.168972     4.0292694E-003     2.3442954E+000     1.6084281E-004
      4.196765     4.0009757E-003     2.3127558E+000     1.5867887E-004
      4.224744     3.9604467E-003     2.2816390E+000     1.5654394E-004
      4.252909     3.9039572E-003     2.2509393E+000     1.5443762E-004
      4.281261     3.8862722E-003     2.2206513E+000     1.5235955E-004
      4.309803     3.8398310E-003     2.1907693E+000     1.5030934E-004
      4.338535     3.7975094E-003     2.1612880E+000     1.4828662E-004
      4.367459     3.7688401E-003     2.1322021E+000     1.4629103E-004
      4.396575     3.7293184E-003     2.1035063E+000     1.4432220E-004
      4.425885     3.6708190E-003     2.0751953E+000     1.4237977E-004
      4.455391     3.6911259E-003     2.0472641E+000     1.4046340E-004
      4.485094     3.6662170E-003     2.0209763E+000     1.3865979E-004
      4.514995     3.6200197E-003     1.9974911E+000     1.3704847E-004
      4.545095     3.6318238E-003     1.9742777E+000     1.3545579E-004
      4.575395     3.6095791E-003     1.9513329E+000     1.3388153E-004
      4.605898     3.5942739E-003     1.9286536E+000     1.3232550E-004
      4.636604     3.5235034E-003     1.9062367E+000     1.3078747E-004
      4.667515     3.5245516E-003     1.8840792E+000     1.2926724E-004
      4.698631     3.5061482E-003     1.8621782E+000     1.2776460E-004
      4.729955     3.4891636E-003     1.8405307E+000     1.2627936E-004
      4.761489     3.4421909E-003     1.8191338E+000     1.2481131E-004
      4.793232     3.4151580E-003     1.7979846E+000     1.2336026E-004
      4.825187     3.3966844E-003     1.7770802E+000     1.2192601E-004
      4.857355     3.3751744E-003     1.7564180E+000     1.2050836E-004
      4.889737     3.3512822E-003     1.7359949E+000     1.1910713E-004
      4.922335     3.3312751E-003     1.7158084E+000     1.1772213E-004
      4.955151     3.2915720E-003     1.6958557E+000     1.1635317E-004
      4.985800     3.2919284E-003     1.6761341E+000     1.1500007E-004
