#  lambda [mu]      flux_star[Jy]
      0.250832     1.7271179E-001
      0.252504     1.7390208E-001
      0.254188     1.7509771E-001
      0.255882     1.7629871E-001
      0.257588     1.7750509E-001
      0.259305     1.8028470E-001
      0.261034     2.0480595E-001
      0.262774     2.3265876E-001
      0.264526     2.6429529E-001
      0.266290     3.0022903E-001
      0.268065     3.4104305E-001
      0.269852     3.8739949E-001
      0.271651     4.0542826E-001
      0.273462     4.0726444E-001
      0.275285     4.0910277E-001
      0.277120     4.1094322E-001
      0.278968     4.1278581E-001
      0.280827     4.1463051E-001
      0.282700     4.1647732E-001
      0.284584     4.6864142E-001
      0.286482     5.2874197E-001
      0.288391     5.9654145E-001
      0.290314     6.7302506E-001
      0.292249     7.5930392E-001
      0.294198     8.5663122E-001
      0.296159     9.6642027E-001
      0.298133     1.0149944E+000
      0.300121     1.0641160E+000
      0.302122     1.1155993E+000
      0.304136     1.1695574E+000
      0.306164     1.2261086E+000
      0.308205     1.2853767E+000
      0.310259     1.3474916E+000
      0.312328     1.3772416E+000
      0.314410     1.3871110E+000
      0.316506     1.3970326E+000
      0.318616     1.4070067E+000
      0.320740     1.5060015E+000
      0.322878     1.6332621E+000
      0.325031     1.7712536E+000
      0.327198     1.9208791E+000
      0.329379     1.9464151E+000
      0.331575     1.9596345E+000
      0.333785     1.9729187E+000
      0.336011     1.9862681E+000
      0.338251     2.0059698E+000
      0.340506     2.0265491E+000
      0.342776     2.0473143E+000
      0.345061     2.0682669E+000
      0.347361     2.2000615E+000
      0.349677     2.3752777E+000
      0.352008     2.4970140E+000
      0.354355     2.5909712E+000
      0.356717     2.5179138E+000
      0.359096     2.3122440E+000
      0.361490     2.2884165E+000
      0.363899     2.5710482E+000
      0.366325     2.8263181E+000
      0.368768     2.8013376E+000
      0.371226     2.7765460E+000
      0.373701     2.7519424E+000
      0.376192     2.7275259E+000
      0.378700     2.7032955E+000
      0.381225     2.6792502E+000
      0.383766     2.6553892E+000
      0.386325     2.6317115E+000
      0.388900     2.6082162E+000
      0.391493     2.5849022E+000
      0.394103     2.5617688E+000
      0.396730     2.6620886E+000
      0.399375     2.8287399E+000
      0.402038     3.0057916E+000
      0.404718     3.1938910E+000
      0.407416     3.3937254E+000
      0.410132     3.6060251E+000
      0.412866     3.8315653E+000
      0.415619     4.0711696E+000
      0.418390     4.3257126E+000
      0.421179     4.5961230E+000
      0.423987     4.8833874E+000
      0.426813     5.1885534E+000
      0.429659     5.4772102E+000
      0.432523     5.6613381E+000
      0.435407     5.8515972E+000
      0.438309     6.0481900E+000
      0.441231     6.2513257E+000
      0.444173     6.4612203E+000
      0.447134     6.6780969E+000
      0.450115     6.9021860E+000
      0.453116     7.1337254E+000
      0.456136     7.3729610E+000
      0.459177     7.6201466E+000
      0.462239     7.8755443E+000
      0.465320     8.1394248E+000
      0.468422     8.4120678E+000
      0.471545     8.5187637E+000
      0.474689     8.5395722E+000
      0.477853     8.5603523E+000
      0.481039     8.5811040E+000
      0.484246     8.6018272E+000
      0.487474     8.6225219E+000
      0.490724     8.6431881E+000
      0.493996     8.6638259E+000
      0.497289     8.6844352E+000
      0.500604     8.7050161E+000
      0.503941     8.7255684E+000
      0.507301     8.7460924E+000
      0.510683     8.7665879E+000
      0.514088     8.7870549E+000
      0.517515     8.8074936E+000
      0.520965     8.9488308E+000
      0.524438     9.1327913E+000
      0.527934     9.3204541E+000
      0.531454     9.5118927E+000
      0.534997     9.7071817E+000
      0.538564     9.9063974E+000
      0.542154     1.0109618E+001
      0.545768     1.0316921E+001
      0.549407     1.0528389E+001
      0.553070     1.0738916E+001
      0.556757     1.0830528E+001
      0.560468     1.0922834E+001
      0.564205     1.1015837E+001
      0.567966     1.1109544E+001
      0.571753     1.1203959E+001
      0.575564     1.1299088E+001
      0.579401     1.1394934E+001
      0.583264     1.1491505E+001
      0.587153     1.1588804E+001
      0.591067     1.1686837E+001
      0.595007     1.1774409E+001
      0.598974     1.1856678E+001
      0.602967     1.1939431E+001
      0.606987     1.2022671E+001
      0.611034     1.2106402E+001
      0.615107     1.2190625E+001
      0.619208     1.2275343E+001
      0.623336     1.2347193E+001
      0.627491     1.2390135E+001
      0.631675     1.2433136E+001
      0.635886     1.2476197E+001
      0.640125     1.2519318E+001
      0.644393     1.2562498E+001
      0.648689     1.2605739E+001
      0.653013     1.2649039E+001
      0.657367     1.2704244E+001
      0.661749     1.2767703E+001
      0.666161     1.2831391E+001
      0.670602     1.2895309E+001
      0.675072     1.2959456E+001
      0.679573     1.3023836E+001
      0.684103     1.3088447E+001
      0.688664     1.3153291E+001
      0.693255     1.3187836E+001
      0.697877     1.3186228E+001
      0.702529     1.3184534E+001
      0.707213     1.3182755E+001
      0.711928     1.3180891E+001
      0.716674     1.3178943E+001
      0.721452     1.3176912E+001
      0.726261     1.3174797E+001
      0.731103     1.3172600E+001
      0.735977     1.3233260E+001
      0.740884     1.3304804E+001
      0.745823     1.3376652E+001
      0.750795     1.3448806E+001
      0.755800     1.3494735E+001
      0.760839     1.3494100E+001
      0.765911     1.3493384E+001
      0.771017     1.3492588E+001
      0.776157     1.3491713E+001
      0.781332     1.3539185E+001
      0.786541     1.3604618E+001
      0.791784     1.3670288E+001
      0.797063     1.3736196E+001
      0.802377     1.3754428E+001
      0.807726     1.3711351E+001
      0.813111     1.3668333E+001
      0.818531     1.3625374E+001
      0.823988     1.3583499E+001
      0.829482     1.3595751E+001
      0.835011     1.3607939E+001
      0.840578     1.3620065E+001
      0.846182     1.3632128E+001
      0.851823     1.3644129E+001
      0.857502     1.3656069E+001
      0.863219     1.3667947E+001
      0.868974     1.3679764E+001
      0.874767     1.3691520E+001
      0.880598     1.3703216E+001
      0.886469     1.3709866E+001
      0.892379     1.3692425E+001
      0.898328     1.3674937E+001
      0.904317     1.3657403E+001
      0.910346     1.3639824E+001
      0.916415     1.3622201E+001
      0.922524     1.3604535E+001
      0.928674     1.3586826E+001
      0.934865     1.3569074E+001
      0.941098     1.3551282E+001
      0.947372     1.3533449E+001
      0.953688     1.3515575E+001
      0.960046     1.3512156E+001
      0.966446     1.3524256E+001
      0.972889     1.3536304E+001
      0.979375     1.3548302E+001
      0.985904     1.3560250E+001
      0.992477     1.3572147E+001
      0.999093     1.3583994E+001
      1.005754     1.3595792E+001
      1.012459     1.3607541E+001
      1.019209     1.3619241E+001
      1.026003     1.3630892E+001
      1.032843     1.3642495E+001
      1.039729     1.3635862E+001
      1.046660     1.3605731E+001
      1.053638     1.3575610E+001
      1.060662     1.3545499E+001
      1.067734     1.3515401E+001
      1.074852     1.3485314E+001
      1.082017     1.3455240E+001
      1.089231     1.3425179E+001
      1.096492     1.3395133E+001
      1.103802     1.3365101E+001
      1.111161     1.3335085E+001
      1.118569     1.3305084E+001
      1.126026     1.3275101E+001
      1.133533     1.3248565E+001
      1.141090     1.3228666E+001
      1.148697     1.3208748E+001
      1.156355     1.3188811E+001
      1.164064     1.3168855E+001
      1.171824     1.3148882E+001
      1.179637     1.3128891E+001
      1.187501     1.3108884E+001
      1.195417     1.3088861E+001
      1.203387     1.3068822E+001
      1.211409     1.3048769E+001
      1.219486     1.3029589E+001
      1.227615     1.3010750E+001
      1.235800     1.2991895E+001
      1.244038     1.2973022E+001
      1.252332     1.2954134E+001
      1.260681     1.2935230E+001
      1.269085     1.2916311E+001
      1.277546     1.2897378E+001
      1.286063     1.2878431E+001
      1.294637     1.2859470E+001
      1.303267     1.2840497E+001
      1.311956     1.2816772E+001
      1.320702     1.2780714E+001
      1.329507     1.2744718E+001
      1.338370     1.2708784E+001
      1.347293     1.2672913E+001
      1.356275     1.2637105E+001
      1.365317     1.2601360E+001
      1.374419     1.2565679E+001
      1.383581     1.2529931E+001
      1.392805     1.2493446E+001
      1.402091     1.2457031E+001
      1.411438     1.2420686E+001
      1.420848     1.2384412E+001
      1.430320     1.2348209E+001
      1.439855     1.2312078E+001
      1.449454     1.2276018E+001
      1.459117     1.2240030E+001
      1.468845     1.2193597E+001
      1.478637     1.2138312E+001
      1.488495     1.2083245E+001
      1.498418     1.2028397E+001
      1.508407     1.1973766E+001
      1.518464     1.1919352E+001
      1.528587     1.1865154E+001
      1.538777     1.1811173E+001
      1.549036     1.1757407E+001
      1.559363     1.1703857E+001
      1.569758     1.1650522E+001
      1.580223     1.1597401E+001
      1.590758     1.1544494E+001
      1.601363     1.1491801E+001
      1.612039     1.1439320E+001
      1.622786     1.1387052E+001
      1.633605     1.1334996E+001
      1.644495     1.1283152E+001
      1.655459     1.1231518E+001
      1.666495     1.1180096E+001
      1.677605     1.1081020E+001
      1.688789     1.0961929E+001
      1.700048     1.0844094E+001
      1.711381     1.0727501E+001
      1.722790     1.0612139E+001
      1.734276     1.0497994E+001
      1.745838     1.0385055E+001
      1.757476     1.0273309E+001
      1.769193     1.0162743E+001
      1.780988     1.0053346E+001
      1.792861     9.9451065E+000
      1.804813     9.8380116E+000
      1.816845     9.7320501E+000
      1.828958     9.6272103E+000
      1.841151     9.5234807E+000
      1.853425     9.4208499E+000
      1.865781     9.3193068E+000
      1.878220     9.2188400E+000
      1.890741     9.1194386E+000
      1.903346     9.0210916E+000
      1.916035     8.9237882E+000
      1.928809     8.8275177E+000
      1.941667     8.7322693E+000
      1.954612     8.6525631E+000
      1.967643     8.5765132E+000
      1.980760     8.5011162E+000
      1.993965     8.4263669E+000
      2.007258     8.3522597E+000
      2.020640     8.2787897E+000
      2.034111     8.2059514E+000
      2.047672     8.1337398E+000
      2.061323     8.0621498E+000
      2.075065     7.9911761E+000
      2.088899     7.9208138E+000
      2.102825     7.8499835E+000
      2.116844     7.7698674E+000
      2.130956     7.6905563E+000
      2.145162     7.6120423E+000
      2.159463     7.5343176E+000
      2.173860     7.4573746E+000
      2.188352     7.3812055E+000
      2.202941     7.3058028E+000
      2.217627     7.2311591E+000
      2.232412     7.1572669E+000
      2.247294     7.0841189E+000
      2.262276     7.0117077E+000
      2.277358     6.9400262E+000
      2.292541     6.8662452E+000
      2.307824     6.7885224E+000
      2.323210     6.7116694E+000
      2.338698     6.6356768E+000
      2.354289     6.5605351E+000
      2.369984     6.4862351E+000
      2.385784     6.4127673E+000
      2.401689     6.3401228E+000
      2.417701     6.2682925E+000
      2.433819     6.1972674E+000
      2.450044     6.1270387E+000
      2.466378     6.0575975E+000
      2.482820     5.9889353E+000
      2.499372     5.9210435E+000
      2.516035     5.8539136E+000
      2.532809     5.7881279E+000
      2.549694     5.7248222E+000
      2.566692     5.6622017E+000
      2.583803     5.6002589E+000
      2.601029     5.5389868E+000
      2.618369     5.4783782E+000
      2.635824     5.4184260E+000
      2.653397     5.3591233E+000
      2.671086     5.3004632E+000
      2.688893     5.2424387E+000
      2.706819     5.1850433E+000
      2.724865     5.1282701E+000
      2.743030     5.0721126E+000
      2.761317     5.0165641E+000
      2.779726     4.9616183E+000
      2.798258     4.9072686E+000
      2.816913     4.8535088E+000
      2.835692     4.7966059E+000
      2.854597     4.7356675E+000
      2.873627     4.6754981E+000
      2.892785     4.6160881E+000
      2.912070     4.5574280E+000
      2.931484     4.4995085E+000
      2.951027     4.4423203E+000
      2.970701     4.3858543E+000
      2.990505     4.3301015E+000
      3.010442     4.2750529E+000
      3.030512     4.2206999E+000
      3.050715     4.1694972E+000
      3.071053     4.1219616E+000
      3.091527     4.0749638E+000
      3.112137     4.0284979E+000
      3.132884     3.9825579E+000
      3.153770     3.9371379E+000
      3.174796     3.8922321E+000
      3.195961     3.8478348E+000
      3.217267     3.8039402E+000
      3.238716     3.7605428E+000
      3.260307     3.7176370E+000
      3.282043     3.6752174E+000
      3.303923     3.6325947E+000
      3.325949     3.5899765E+000
      3.348122     3.5478550E+000
      3.370443     3.5062246E+000
      3.392912     3.4650796E+000
      3.415532     3.4244144E+000
      3.438302     3.3842235E+000
      3.461224     3.3445013E+000
      3.484299     3.3052426E+000
      3.507527     3.2664418E+000
      3.530911     3.2280939E+000
      3.554450     3.1901934E+000
      3.578147     3.1527353E+000
      3.602001     3.1157144E+000
      3.626014     3.0791258E+000
      3.650188     3.0429643E+000
      3.674522     3.0072251E+000
      3.699019     2.9719032E+000
      3.723679     2.9369940E+000
      3.748504     2.9024925E+000
      3.773494     2.8683940E+000
      3.798651     2.8335832E+000
      3.823975     2.7954890E+000
      3.849468     2.7579048E+000
      3.875131     2.7208238E+000
      3.900965     2.6842395E+000
      3.926972     2.6481450E+000
      3.953152     2.6125341E+000
      3.979506     2.5774001E+000
      4.006036     2.5427368E+000
      4.032743     2.5085378E+000
      4.059628     2.4747971E+000
      4.086692     2.4415085E+000
      4.113937     2.4086659E+000
      4.141363     2.3762636E+000
      4.168972     2.3442954E+000
      4.196765     2.3127558E+000
      4.224744     2.2816390E+000
      4.252909     2.2509393E+000
      4.281261     2.2206513E+000
      4.309803     2.1907693E+000
      4.338535     2.1612880E+000
      4.367459     2.1322021E+000
      4.396575     2.1035063E+000
      4.425885     2.0751953E+000
      4.455391     2.0472641E+000
      4.485094     2.0209763E+000
      4.514995     1.9974911E+000
      4.545095     1.9742777E+000
      4.575395     1.9513329E+000
      4.605898     1.9286536E+000
      4.636604     1.9062367E+000
      4.667515     1.8840792E+000
      4.698631     1.8621782E+000
      4.729955     1.8405307E+000
      4.761489     1.8191338E+000
      4.793232     1.7979846E+000
      4.825187     1.7770802E+000
      4.857355     1.7564180E+000
      4.889737     1.7359949E+000
      4.922335     1.7158084E+000
      4.955151     1.6958557E+000
      4.985800     1.6761341E+000
