#  lambda [mu]            P [bar]
      0.250000     4.0178608E-002
      0.251667     4.2219192E-002
      0.253344     4.4193142E-002
      0.255033     4.4961326E-002
      0.256734     4.6677019E-002
      0.258445     4.8485083E-002
      0.260168     4.9481958E-002
      0.261903     5.1381946E-002
      0.263649     5.3120172E-002
      0.265406     5.4468500E-002
      0.267176     5.6335786E-002
      0.268957     5.8142139E-002
      0.270750     5.9809977E-002
      0.272555     6.1671900E-002
      0.274372     6.3606481E-002
      0.276201     6.5541755E-002
      0.278042     6.7281283E-002
      0.279896     6.9327113E-002
      0.281762     7.1696153E-002
      0.283640     7.3908806E-002
      0.285531     7.6023066E-002
      0.287435     7.4302302E-002
      0.289351     8.0694831E-002
      0.291280     8.3304578E-002
      0.293222     8.5829388E-002
      0.295177     7.4123467E-002
      0.297145     8.8556444E-002
      0.299126     9.3801587E-002
      0.301120     9.6639519E-002
      0.303127     9.9535882E-002
      0.305148     1.0250278E-001
      0.307182     1.0526177E-001
      0.309230     1.0870978E-001
      0.311292     1.1196082E-001
      0.313367     1.1528916E-001
      0.315456     1.1871111E-001
      0.317559     1.2222825E-001
      0.319676     1.2584473E-001
      0.321808     1.2956483E-001
      0.323953     1.3338787E-001
      0.326113     1.3731793E-001
      0.328287     1.4135817E-001
      0.330475     1.4523414E-001
      0.332678     1.4978155E-001
      0.334896     1.5416971E-001
      0.337129     1.5868195E-001
      0.339376     1.6332162E-001
      0.341639     1.6808981E-001
      0.343917     1.7295539E-001
      0.346209     1.7803285E-001
      0.348517     1.8330666E-001
      0.350841     1.8872842E-001
      0.353180     1.9430051E-001
      0.355534     2.0002757E-001
      0.357905     2.0591415E-001
      0.360291     2.1196386E-001
      0.362692     2.1816968E-001
      0.365110     2.2456506E-001
      0.367544     2.3114419E-001
      0.369995     2.3789933E-001
      0.372461     2.4483876E-001
      0.374945     2.5197120E-001
      0.377444     2.5929769E-001
      0.379960     2.6683401E-001
      0.382493     2.7457698E-001
      0.385043     2.8253654E-001
      0.387610     2.9071479E-001
      0.390194     2.9911671E-001
      0.392796     3.0774838E-001
      0.395414     3.1659609E-001
      0.398051     3.2558669E-001
      0.400704     3.3500602E-001
      0.403376     3.4358340E-001
      0.406065     3.5377712E-001
      0.408772     3.6482746E-001
      0.411497     3.7528009E-001
      0.414240     3.8600669E-001
      0.417002     3.9698198E-001
      0.419782     4.0835051E-001
      0.422580     4.2003534E-001
      0.425398     4.3200258E-001
      0.428234     4.4431683E-001
      0.431089     4.5697084E-001
      0.433962     4.7009066E-001
      0.436856     4.8369058E-001
      0.439768     4.9745219E-001
      0.442700     5.1017076E-001
      0.445651     5.2515890E-001
      0.448622     5.4117248E-001
      0.451613     5.5739238E-001
      0.454624     5.7358845E-001
      0.457654     5.9010172E-001
      0.460705     6.0703903E-001
      0.463777     6.2440079E-001
      0.466869     6.4193678E-001
      0.469981     6.5940592E-001
      0.473114     6.7854868E-001
      0.476268     6.9831360E-001
      0.479444     7.1856381E-001
      0.482640     7.3904210E-001
      0.485857     7.5917211E-001
      0.489096     7.8091678E-001
      0.492357     8.0329367E-001
      0.495639     8.2637594E-001
      0.498944     8.4807841E-001
      0.502270     8.5175411E-001
      0.505619     8.7127239E-001
      0.508989     8.9897613E-001
      0.512383     9.3710212E-001
      0.515798     9.6780464E-001
      0.519237     9.9442607E-001
      0.522699     1.0190741E+000
      0.526183     1.0430909E+000
      0.529691     1.0639625E+000
      0.533223     1.0838549E+000
      0.536777     1.0983410E+000
      0.540356     1.0935558E+000
      0.543958     1.1029555E+000
      0.547585     1.1010622E+000
      0.551235     1.0922124E+000
      0.554910     1.0902455E+000
      0.558609     1.0805796E+000
      0.562334     1.0479997E+000
      0.566082     9.9644501E-001
      0.569856     9.3032262E-001
      0.573655     8.6188170E-001
      0.577480     7.8271848E-001
      0.581330     6.8724020E-001
      0.585205     5.6352536E-001
      0.589106     5.0785799E-002
      0.593034     5.3987068E-001
      0.596987     7.1204894E-001
      0.600967     8.8476246E-001
      0.604974     1.0982287E+000
      0.609007     1.2158942E+000
      0.613067     1.2312354E+000
      0.617154     1.2515443E+000
      0.621268     1.2762553E+000
      0.625410     1.3010543E+000
      0.629580     1.3322516E+000
      0.633777     1.3686657E+000
      0.638002     1.4086591E+000
      0.642255     1.4049773E+000
      0.646537     1.3038471E+000
      0.650847     1.3784559E+000
      0.655186     1.4885545E+000
      0.659554     1.5965679E+000
      0.663951     1.8054747E+000
      0.668378     1.9676769E+000
      0.672833     2.0986933E+000
      0.677319     2.2055346E+000
      0.681834     2.2535904E+000
      0.686380     2.2375010E+000
      0.690956     1.6191953E+000
      0.695562     1.3402294E+000
      0.700199     1.4449518E+000
      0.704867     1.4531572E+000
      0.709566     1.5697172E+000
      0.714297     1.1428186E+000
      0.719059     2.8976872E-001
      0.723853     4.8386930E-001
      0.728678     4.2709677E-001
      0.733536     7.1046932E-001
      0.738426     1.1861535E+000
      0.743349     1.4127847E+000
      0.748305     1.4369604E+000
      0.753294     1.3849432E+000
      0.758316     1.3021705E+000
      0.763371     1.0257211E+000
      0.768460     1.3727569E-001
      0.773583     1.2357015E+000
      0.778740     1.3755764E+000
      0.783932     1.2153295E+000
      0.789158     1.1126227E+000
      0.794419     1.1610408E+000
      0.799715     1.3129194E+000
      0.805047     1.5002605E+000
      0.810414     8.1766245E-001
      0.815817     2.7311219E-001
      0.821255     3.5425363E-001
      0.826730     6.0967851E-001
      0.832242     5.2361310E-001
      0.837790     8.6333497E-001
      0.843375     1.5714656E+000
      0.848998     2.0976348E+000
      0.854658     1.5476166E+000
      0.860356     1.0035052E+000
      0.866091     1.0663203E+000
      0.871865     1.0449996E+000
      0.877678     4.1067948E-001
      0.883529     2.0827109E-001
      0.889419     1.6610100E-001
      0.895349     1.2280048E-001
      0.901318     1.3096853E-001
      0.907326     2.1311072E-001
      0.913375     1.8797611E-001
      0.919464     2.5114712E-001
      0.925594     1.8937805E-001
      0.931765     2.3254052E-002
      0.937977     2.5869069E-002
      0.944230     2.6484782E-002
      0.950525     3.2108180E-002
      0.956861     4.2189669E-002
      0.963240     7.9347862E-002
      0.969662     1.7383674E-001
      0.976126     1.6341295E-001
      0.982634     1.8338267E-001
      0.989185     2.1062645E-001
      0.995779     2.2200868E-001
      1.002418     2.2762638E-001
      1.009101     2.2318350E-001
      1.015828     1.3021417E-001
      1.022600     8.4693455E-002
      1.029418     1.0695906E-001
      1.036280     1.0292162E-001
      1.043189     1.8950529E-001
      1.050144     2.9929116E-001
      1.057145     5.9438241E-001
      1.064192     7.9863951E-001
      1.071287     6.7825662E-001
      1.078429     7.1257019E-001
      1.085618     5.9519123E-001
      1.092856     3.9812518E-001
      1.100141     2.5346192E-001
      1.107476     7.7632082E-002
      1.114859     2.0225920E-002
      1.122291     7.8859257E-003
      1.129773     1.3288547E-002
      1.137305     8.7005196E-003
      1.144887     1.3405501E-002
      1.152520     1.1921144E-002
      1.160203     1.8726059E-002
      1.167938     2.5966113E-002
      1.175724     3.8806265E-002
      1.183562     4.9744205E-002
      1.191453     5.3131412E-002
      1.199396     5.0711338E-002
      1.207392     5.0865677E-002
      1.215441     5.4596352E-002
      1.223544     6.8047947E-002
      1.231701     1.0772732E-001
      1.239912     1.8242340E-001
      1.248178     2.8142793E-001
      1.256499     2.3748065E-001
      1.264876     4.4344231E-001
      1.273308     2.9286566E-001
      1.281797     1.7631821E-001
      1.290343     8.6775615E-002
      1.298945     7.5029726E-002
      1.307604     4.9179464E-002
      1.316322     3.1278247E-002
      1.325097     3.4313487E-002
      1.333931     1.5326975E-002
      1.342824     9.8892406E-003
      1.351776     1.8361827E-003
      1.360788     5.9835707E-004
      1.369860     7.2362619E-004
      1.378992     6.4019256E-004
      1.388186     1.2644795E-003
      1.397440     8.7521684E-004
      1.406757     1.5806241E-003
      1.416135     2.8700067E-003
      1.425576     5.2085163E-003
      1.435080     5.6386722E-003
      1.444647     6.7919666E-003
      1.454278     1.2026772E-002
      1.463973     1.0681601E-002
      1.473733     6.7374005E-003
      1.483558     6.2223057E-003
      1.493448     4.8035732E-003
      1.503404     6.7188571E-003
      1.513427     4.5973615E-003
      1.523517     7.3187456E-003
      1.533673     1.0450598E-002
      1.543898     1.6013749E-002
      1.554191     3.1633117E-002
      1.564552     7.0991897E-002
      1.574982     1.3287725E-001
      1.585482     1.7925759E-001
      1.596052     2.0960672E-001
      1.606692     1.1376339E-001
      1.617404     3.7528211E-002
      1.628186     1.1960793E-002
      1.639041     4.5878558E-003
      1.649968     4.3632701E-003
      1.660968     4.0087435E-003
      1.672041     6.5715489E-003
      1.683188     8.1297018E-003
      1.694409     8.4686792E-003
      1.705705     7.2592445E-003
      1.717076     1.5765418E-002
      1.728523     8.9216887E-003
      1.740047     1.5361487E-002
      1.751647     2.0842939E-002
      1.763325     1.8293959E-002
      1.775080     1.3276564E-002
      1.786914     8.3469040E-003
      1.798827     5.5097913E-003
      1.810819     2.5309220E-003
      1.822891     1.1179984E-003
      1.835044     4.8876387E-004
      1.847278     5.3543227E-004
      1.859593     5.3374139E-004
      1.871990     3.7043565E-004
      1.884470     1.1457744E-003
      1.897033     6.9955469E-004
      1.909680     6.9373169E-004
      1.922411     1.0496094E-003
      1.935227     1.9050537E-003
      1.948129     2.0862347E-003
      1.961116     1.9063350E-003
      1.974190     2.3409145E-003
      1.987352     2.6456357E-003
      2.000601     3.0776852E-003
      2.013938     3.7558372E-003
      2.027364     7.4055257E-003
      2.040880     1.7798952E-002
      2.054486     3.1833842E-002
      2.068183     5.3651513E-002
      2.081970     8.0999882E-002
      2.095850     1.1666489E-001
      2.109823     1.2306810E-001
      2.123888     7.7602240E-002
      2.138047     3.5331849E-002
      2.152301     1.8719927E-002
      2.166650     8.5383591E-003
      2.181094     8.4548802E-003
      2.195635     1.8769700E-003
      2.210272     1.8332493E-003
      2.225007     1.2591146E-003
      2.239841     1.0552096E-003
      2.254773     8.1691786E-004
      2.269805     6.1278864E-004
      2.284937     6.9821211E-004
      2.300170     5.6643750E-004
      2.315504     6.0419962E-004
      2.330941     9.1993905E-004
      2.346480     4.8206976E-004
      2.362124     6.8690141E-004
      2.377871     4.6775886E-004
      2.393724     1.0687885E-003
      2.409682     2.1841210E-003
      2.425746     3.2782877E-003
      2.441918     4.0292193E-003
      2.458197     7.2841173E-003
      2.474585     6.8469430E-003
      2.491083     4.2452908E-003
      2.507690     3.2193116E-003
      2.524408     1.2870014E-003
      2.541237     5.0625958E-004
      2.558179     2.0427997E-004
      2.575233     1.1181969E-004
      2.592402     4.7677931E-005
      2.609684     4.2734921E-005
      2.627082     3.4606605E-005
      2.644596     1.6478194E-004
      2.662227     3.2102236E-005
      2.679975     7.0275122E-005
      2.697841     9.0285456E-005
      2.715827     4.1712347E-005
      2.733932     9.2164050E-005
      2.752159     1.6007864E-004
      2.770506     1.5403660E-004
      2.788976     3.1837844E-004
      2.807570     3.6135106E-004
      2.826287     6.6129379E-004
      2.845129     7.9585915E-004
      2.864096     9.0386240E-004
      2.883190     1.3299823E-003
      2.902411     8.0203128E-004
      2.921761     8.8137138E-004
      2.941239     1.2896474E-003
      2.960847     1.5736927E-003
      2.980586     1.9082506E-003
      3.000457     4.3471438E-004
      3.020460     2.7043517E-003
      3.040596     2.2972982E-003
      3.060867     2.1603096E-003
      3.081273     2.0864224E-003
      3.101815     2.0242789E-003
      3.122493     2.3206551E-003
      3.143310     1.5419309E-003
      3.164265     5.8381837E-004
      3.185361     2.2700154E-004
      3.206596     9.4537582E-005
      3.227974     3.4804303E-005
      3.249493     2.3623153E-005
      3.271157     3.5597493E-005
      3.292964     1.1092974E-004
      3.314918     1.0988914E-005
      3.337017     7.5535130E-005
      3.359264     5.0010480E-005
      3.381659     4.8713871E-005
      3.404203     1.0928276E-004
      3.426898     1.8667478E-004
      3.449744     3.1857273E-004
      3.472742     4.9760994E-004
      3.495894     8.7094264E-004
      3.519200     1.9321761E-003
      3.542661     6.9697650E-004
      3.566279     1.3638386E-003
      3.590054     1.5492170E-003
      3.613988     1.7059072E-003
      3.638081     1.8311385E-003
      3.662335     2.8551338E-003
      3.686750     3.6667996E-003
      3.711329     4.1194722E-003
      3.736071     4.2784284E-003
      3.760978     6.7151922E-003
      3.786051     5.9567452E-003
      3.811292     9.0022770E-003
      3.836700     6.3666031E-003
      3.862278     1.1084719E-002
      3.888027     1.0650904E-002
      3.913947     8.6938067E-003
      3.940040     1.2920105E-002
      3.966307     1.0155757E-002
      3.992749     1.8647168E-002
      4.019367     1.4143011E-002
      4.046163     1.3323779E-002
      4.073137     1.9629277E-002
      4.100292     2.3026647E-002
      4.127627     2.9220764E-002
      4.155145     2.9143243E-002
      4.182845     3.6008652E-002
      4.210731     2.4482015E-002
      4.238803     4.5453863E-002
      4.267061     5.3232167E-002
      4.295508     7.2078057E-002
      4.324145     8.6382544E-002
      4.352973     6.2992084E-002
      4.381993     7.6131429E-002
      4.411206     9.1856514E-002
      4.440614     5.4818395E-002
      4.470218     6.6840815E-002
      4.500019     9.3436354E-002
      4.530020     4.5623094E-002
      4.560220     5.8171105E-002
      4.590621     9.6793564E-002
      4.621225     3.4404678E-002
      4.652033     4.1306405E-002
      4.683047     2.0631580E-002
      4.714267     2.6177816E-002
      4.745696     3.1576508E-002
      4.777334     1.0005049E-002
      4.809183     2.4212827E-002
      4.841244     5.0972207E-003
      4.873519     4.5440503E-002
      4.906009     6.2955388E-003
      4.938716     5.8792447E-003
      4.971640     4.6742716E-003
