#            P[bar]TiO2                   VO                     Al2O3                  SiO2                   Mg1.2SiO3.2            H2O                    Fe                     FeS                    C                      SiC                                   T[K]
     1.0000000E+003         2.2736278E+003         2.1228237E+003         2.5396720E+003         3.2171790E+003         2.7073650E+003         2.8595834E+002         2.7040361E+003         2.5709823E+003         1.2301275E+002         1.0277970E+002
     9.0851758E+002         2.2670421E+003         2.1170930E+003         2.5314286E+003         3.2022551E+003         2.6967839E+003         2.8470363E+002         2.6887575E+003         2.5572061E+003         1.2301275E+002         1.0277970E+002
     8.2540419E+002         2.2604950E+003         2.1113935E+003         2.5232395E+003         3.1874723E+003         2.6862869E+003         2.8346013E+002         2.6736555E+003         2.5435808E+003         1.2301275E+002         1.0277970E+002
     7.4989421E+002         2.2539861E+003         2.1057251E+003         2.5151040E+003         3.1728286E+003         2.6758729E+003         2.8222769E+002         2.6587271E+003         2.5301039E+003         1.2301275E+002         1.0277970E+002
     6.8129207E+002         2.2475152E+003         2.1000875E+003         2.5070218E+003         3.1583220E+003         2.6655409E+003         2.8100616E+002         2.6439693E+003         2.5167730E+003         1.2301275E+002         1.0277970E+002
     6.1896582E+002         2.2410819E+003         2.0944804E+003         2.4989921E+003         3.1439506E+003         2.6552900E+003         2.7979539E+002         2.6293790E+003         2.5035855E+003         1.2301275E+002         1.0277970E+002
     5.6234133E+002         2.2346858E+003         2.0889035E+003         2.4910146E+003         3.1297124E+003         2.6451192E+003         2.7859524E+002         2.6149534E+003         2.4905393E+003         1.2301275E+002         1.0277970E+002
     5.1089698E+002         2.2283267E+003         2.0833567E+003         2.4830887E+003         3.1156056E+003         2.6350276E+003         2.7740557E+002         2.6006898E+003         2.4776320E+003         1.2301275E+002         1.0277970E+002
     4.6415888E+002         2.2220043E+003         2.0778397E+003         2.4752139E+003         3.1016284E+003         2.6250142E+003         2.7622624E+002         2.5865852E+003         2.4648613E+003         1.2301275E+002         1.0277970E+002
     4.2169650E+002         2.2157181E+003         2.0723522E+003         2.4673897E+003         3.0877789E+003         2.6150781E+003         2.7505712E+002         2.5726370E+003         2.4522251E+003         1.2301275E+002         1.0277970E+002
     3.8311868E+002         2.2094679E+003         2.0668940E+003         2.4596156E+003         3.0740554E+003         2.6052184E+003         2.7389807E+002         2.5588426E+003         2.4397212E+003         1.2301275E+002         1.0277970E+002
     3.4807006E+002         2.2032527E+003         2.0614643E+003         2.4518904E+003         3.0604546E+003         2.5954331E+003         2.7274883E+002         2.5451980E+003         2.4273461E+003         1.2301275E+002         1.0277970E+002
     3.1622777E+002         2.1970729E+003         2.0560635E+003         2.4442142E+003         3.0469764E+003         2.5857225E+003         2.7160940E+002         2.5317021E+003         2.4150992E+003         1.2301275E+002         1.0277970E+002
     2.8729848E+002         2.1909281E+003         2.0506912E+003         2.4365868E+003         3.0336191E+003         2.5760858E+003         2.7047966E+002         2.5183524E+003         2.4029785E+003         1.2301275E+002         1.0277970E+002
     2.6101572E+002         2.1848182E+003         2.0453473E+003         2.4290076E+003         3.0203810E+003         2.5665219E+003         2.6935948E+002         2.5051466E+003         2.3909820E+003         1.2301275E+002         1.0277970E+002
     2.3713737E+002         2.1787427E+003         2.0400316E+003         2.4214762E+003         3.0072606E+003         2.5570302E+003         2.6824873E+002         2.4920823E+003         2.3791077E+003         1.2301275E+002         1.0277970E+002
     2.1544347E+002         2.1727013E+003         2.0347438E+003         2.4139920E+003         2.9942562E+003         2.5476097E+003         2.6714730E+002         2.4791572E+003         2.3673538E+003         1.2301275E+002         1.0277970E+002
     1.9573418E+002         2.1666939E+003         2.0294838E+003         2.4065547E+003         2.9813662E+003         2.5382597E+003         2.6605508E+002         2.4663690E+003         2.3557184E+003         1.2301275E+002         1.0277970E+002
     1.7782794E+002         2.1607201E+003         2.0242512E+003         2.3991639E+003         2.9685893E+003         2.5289794E+003         2.6497193E+002         2.4537156E+003         2.3441997E+003         1.2301275E+002         1.0277970E+002
     1.6155981E+002         2.1547796E+003         2.0190458E+003         2.3918190E+003         2.9559238E+003         2.5197680E+003         2.6389776E+002         2.4411947E+003         2.3327959E+003         1.2301275E+002         1.0277970E+002
     1.4677993E+002         2.1488721E+003         2.0138676E+003         2.3845196E+003         2.9433683E+003         2.5106247E+003         2.6283243E+002         2.4288044E+003         2.3215053E+003         1.2301275E+002         1.0277970E+002
     1.3335214E+002         2.1429963E+003         2.0087152E+003         2.3772641E+003         2.9309190E+003         2.5015471E+003         2.6177566E+002         2.4165402E+003         2.3103242E+003         1.2301275E+002         1.0277970E+002
     1.2115277E+002         2.1371531E+003         2.0035895E+003         2.3700532E+003         2.9185769E+003         2.4925361E+003         2.6072753E+002         2.4044024E+003         2.2992528E+003         1.2301275E+002         1.0277970E+002
     1.1006942E+002         2.1313420E+003         1.9984902E+003         2.3628867E+003         2.9063405E+003         2.4835910E+003         2.5968794E+002         2.3923891E+003         2.2882897E+003         1.2301275E+002         1.0277970E+002
     1.0000000E+002         2.1255629E+003         1.9934172E+003         2.3557640E+003         2.8942086E+003         2.4747111E+003         2.5865677E+002         2.3804983E+003         2.2774332E+003         1.2301275E+002         1.0277970E+002
     9.0851758E+001         2.1198155E+003         1.9883702E+003         2.3486848E+003         2.8821797E+003         2.4658956E+003         2.5763392E+002         2.3687282E+003         2.2666818E+003         1.2301275E+002         1.0277970E+002
     8.2540419E+001         2.1140995E+003         1.9833490E+003         2.3416487E+003         2.8702524E+003         2.4571438E+003         2.5661930E+002         2.3570768E+003         2.2560338E+003         1.2301275E+002         1.0277970E+002
     7.4989421E+001         2.1084147E+003         1.9783534E+003         2.3346553E+003         2.8584257E+003         2.4484551E+003         2.5561279E+002         2.3455424E+003         2.2454879E+003         1.2301275E+002         1.0277970E+002
     6.8129207E+001         2.1027608E+003         1.9733833E+003         2.3277042E+003         2.8466980E+003         2.4398287E+003         2.5461432E+002         2.3341232E+003         2.2350424E+003         1.2301275E+002         1.0277970E+002
     6.1896582E+001         2.0971376E+003         1.9684384E+003         2.3207950E+003         2.8350682E+003         2.4312641E+003         2.5362377E+002         2.3228174E+003         2.2246960E+003         1.2301275E+002         1.0277970E+002
     5.6234133E+001         2.0915448E+003         1.9635185E+003         2.3139273E+003         2.8235350E+003         2.4227604E+003         2.5264105E+002         2.3116233E+003         2.2144472E+003         1.2301275E+002         1.0277970E+002
     5.1089698E+001         2.0859824E+003         1.9586237E+003         2.3071010E+003         2.8120978E+003         2.4143174E+003         2.5166611E+002         2.3005397E+003         2.2042951E+003         1.2301275E+002         1.0277970E+002
     4.6415888E+001         2.0804499E+003         1.9537535E+003         2.3003155E+003         2.8007547E+003         2.4059341E+003         2.5069881E+002         2.2895645E+003         2.1942378E+003         1.2301275E+002         1.0277970E+002
     4.2169650E+001         2.0749471E+003         1.9489079E+003         2.2935704E+003         2.7895047E+003         2.3976099E+003         2.4973908E+002         2.2786961E+003         2.1842740E+003         1.2301275E+002         1.0277970E+002
     3.8311868E+001         2.0694737E+003         1.9440865E+003         2.2868654E+003         2.7783466E+003         2.3893442E+003         2.4878680E+002         2.2679329E+003         2.1744025E+003         1.2301275E+002         1.0277970E+002
     3.4807006E+001         2.0640295E+003         1.9392892E+003         2.2802000E+003         2.7672793E+003         2.3811362E+003         2.4784190E+002         2.2572734E+003         2.1646218E+003         1.2301275E+002         1.0277970E+002
     3.1622777E+001         2.0586142E+003         1.9345158E+003         2.2735740E+003         2.7563015E+003         2.3729854E+003         2.4690430E+002         2.2467161E+003         2.1549307E+003         1.2301275E+002         1.0277970E+002
     2.8729848E+001         2.0532277E+003         1.9297662E+003         2.2669869E+003         2.7454123E+003         2.3648912E+003         2.4597390E+002         2.2362594E+003         2.1453281E+003         1.2301275E+002         1.0277970E+002
     2.6101572E+001         2.0478697E+003         1.9250401E+003         2.2604385E+003         2.7346106E+003         2.3568531E+003         2.4505062E+002         2.2259019E+003         2.1358126E+003         1.2301275E+002         1.0277970E+002
     2.3713737E+001         2.0425400E+003         1.9203375E+003         2.2539284E+003         2.7238952E+003         2.3488703E+003         2.4413438E+002         2.2156422E+003         2.1263830E+003         1.2301275E+002         1.0277970E+002
     2.1544347E+001         2.0372383E+003         1.9156580E+003         2.2474562E+003         2.7132652E+003         2.3409424E+003         2.4322510E+002         2.2054788E+003         2.1170383E+003         1.2301275E+002         1.0277970E+002
     1.9573418E+001         2.0319653E+003         1.9110024E+003         2.2410228E+003         2.7027214E+003         2.3330702E+003         2.4232286E+002         2.1954124E+003         2.1077788E+003         1.2301275E+002         1.0277970E+002
     1.7782794E+001         2.0267200E+003         1.9063697E+003         2.2346266E+003         2.6922609E+003         2.3252516E+003         2.4142741E+002         2.1854395E+003         2.0986019E+003         1.2301275E+002         1.0277970E+002
     1.6155981E+001         2.0215020E+003         1.9017597E+003         2.2282674E+003         2.6818826E+003         2.3174862E+003         2.4053869E+002         2.1755590E+003         2.0895063E+003         1.2301275E+002         1.0277970E+002
     1.4677993E+001         2.0163112E+003         1.8971721E+003         2.2219449E+003         2.6715856E+003         2.3097734E+003         2.3965661E+002         2.1657695E+003         2.0804909E+003         1.2301275E+002         1.0277970E+002
     1.3335214E+001         2.0111474E+003         1.8926070E+003         2.2156586E+003         2.6613690E+003         2.3021127E+003         2.3878110E+002         2.1560697E+003         2.0715547E+003         1.2301275E+002         1.0277970E+002
     1.2115277E+001         2.0060102E+003         1.8880640E+003         2.2094083E+003         2.6512318E+003         2.2945034E+003         2.3791208E+002         2.1464584E+003         2.0626967E+003         1.2301275E+002         1.0277970E+002
     1.1006942E+001         2.0008996E+003         1.8835431E+003         2.2031937E+003         2.6411730E+003         2.2869452E+003         2.3704948E+002         2.1369344E+003         2.0539158E+003         1.2301275E+002         1.0277970E+002
     1.0000000E+001         1.9958154E+003         1.8790440E+003         2.1970145E+003         2.6311917E+003         2.2794374E+003         2.3619324E+002         2.1274965E+003         2.0452109E+003         1.2301275E+002         1.0277970E+002
     9.0851758E+000         1.9907572E+003         1.8745666E+003         2.1908703E+003         2.6212871E+003         2.2719796E+003         2.3534327E+002         2.1181434E+003         2.0365811E+003         1.2301275E+002         1.0277970E+002
     8.2540419E+000         1.9857249E+003         1.8701108E+003         2.1847609E+003         2.6114582E+003         2.2645713E+003         2.3449951E+002         2.1088741E+003         2.0280254E+003         1.2301275E+002         1.0277970E+002
     7.4989421E+000         1.9807188E+003         1.8656768E+003         2.1786865E+003         2.6017049E+003         2.2572125E+003         2.3366195E+002         2.0996882E+003         2.0195436E+003         1.2301275E+002         1.0277970E+002
     6.8129207E+000         1.9757381E+003         1.8612639E+003         2.1726462E+003         2.5920256E+003         2.2499022E+003         2.3283047E+002         2.0905836E+003         2.0111339E+003         1.2301275E+002         1.0277970E+002
     6.1896582E+000         1.9707828E+003         1.8568722E+003         2.1666398E+003         2.5824194E+003         2.2426398E+003         2.3200500E+002         2.0815595E+003         2.0027954E+003         1.2301275E+002         1.0277970E+002
     5.6234133E+000         1.9658525E+003         1.8525013E+003         2.1606670E+003         2.5728856E+003         2.2354250E+003         2.3118546E+002         2.0726147E+003         1.9945273E+003         1.2301275E+002         1.0277970E+002
     5.1089698E+000         1.9609472E+003         1.8481513E+003         2.1547275E+003         2.5634232E+003         2.2282572E+003         2.3037180E+002         2.0637481E+003         1.9863287E+003         1.2301275E+002         1.0277970E+002
     4.6415888E+000         1.9560667E+003         1.8438219E+003         2.1488210E+003         2.5540314E+003         2.2211360E+003         2.2956394E+002         2.0549587E+003         1.9781985E+003         1.2301275E+002         1.0277970E+002
     4.2169650E+000         1.9512106E+003         1.8395129E+003         2.1429473E+003         2.5447096E+003         2.2140610E+003         2.2876184E+002         2.0462455E+003         1.9701361E+003         1.2301275E+002         1.0277970E+002
     3.8311868E+000         1.9463790E+003         1.8352243E+003         2.1371061E+003         2.5354568E+003         2.2070316E+003         2.2796543E+002         2.0376075E+003         1.9621405E+003         1.2301275E+002         1.0277970E+002
     3.4807006E+000         1.9415715E+003         1.8309559E+003         2.1312971E+003         2.5262723E+003         2.2000474E+003         2.2717464E+002         2.0290437E+003         1.9542109E+003         1.2301275E+002         1.0277970E+002
     3.1622777E+000         1.9367880E+003         1.8267076E+003         2.1255200E+003         2.5171554E+003         2.1931080E+003         2.2638941E+002         2.0205531E+003         1.9463464E+003         1.2301275E+002         1.0277970E+002
     2.8729848E+000         1.9320283E+003         1.8224791E+003         2.1197745E+003         2.5081053E+003         2.1862130E+003         2.2560969E+002         2.0121349E+003         1.9385464E+003         1.2301275E+002         1.0277970E+002
     2.6101572E+000         1.9272923E+003         1.8182704E+003         2.1140605E+003         2.4991212E+003         2.1793619E+003         2.2483542E+002         2.0037880E+003         1.9308098E+003         1.2301275E+002         1.0277970E+002
     2.3713737E+000         1.9225797E+003         1.8140814E+003         2.1083777E+003         2.4902024E+003         2.1725542E+003         2.2406654E+002         1.9955115E+003         1.9231361E+003         1.2301275E+002         1.0277970E+002
     2.1544347E+000         1.9178904E+003         1.8099118E+003         2.1027257E+003         2.4813482E+003         2.1657897E+003         2.2330299E+002         1.9873046E+003         1.9155243E+003         1.2301275E+002         1.0277970E+002
     1.9573418E+000         1.9132242E+003         1.8057616E+003         2.0971044E+003         2.4725579E+003         2.1590678E+003         2.2254472E+002         1.9791663E+003         1.9079738E+003         1.2301275E+002         1.0277970E+002
     1.7782794E+000         1.9085809E+003         1.8016305E+003         2.0915134E+003         2.4638309E+003         2.1523882E+003         2.2179168E+002         1.9710958E+003         1.9004838E+003         1.2301275E+002         1.0277970E+002
     1.6155981E+000         1.9039604E+003         1.7975186E+003         2.0859527E+003         2.4551663E+003         2.1457505E+003         2.2104380E+002         1.9630923E+003         1.8930535E+003         1.2301275E+002         1.0277970E+002
     1.4677993E+000         1.8993625E+003         1.7934256E+003         2.0804218E+003         2.4465636E+003         2.1391542E+003         2.2030103E+002         1.9551548E+003         1.8856823E+003         1.2301275E+002         1.0277970E+002
     1.3335214E+000         1.8947871E+003         1.7893515E+003         2.0749205E+003         2.4380220E+003         2.1325990E+003         2.1956333E+002         1.9472826E+003         1.8783695E+003         1.2301275E+002         1.0277970E+002
     1.2115277E+000         1.8902339E+003         1.7852960E+003         2.0694487E+003         2.4295409E+003         2.1260845E+003         2.1883064E+002         1.9394749E+003         1.8711142E+003         1.2301275E+002         1.0277970E+002
     1.1006942E+000         1.8857027E+003         1.7812590E+003         2.0640059E+003         2.4211195E+003         2.1196102E+003         2.1810288E+002         1.9317306E+003         1.8639157E+003         1.2301275E+002         1.0277970E+002
     1.0000000E+000         1.8811934E+003         1.7772404E+003         2.0585920E+003         2.4127572E+003         2.1131757E+003         2.1738003E+002         1.9240492E+003         1.8567735E+003         1.2301275E+002         1.0277970E+002
     9.0851758E-001         1.8767059E+003         1.7732400E+003         2.0532069E+003         2.4044536E+003         2.1067808E+003         2.1666204E+002         1.9164298E+003         1.8496869E+003         1.2301275E+002         1.0277970E+002
     8.2540419E-001         1.8722400E+003         1.7692579E+003         2.0478502E+003         2.3962080E+003         2.1004251E+003         2.1594886E+002         1.9088718E+003         1.8426552E+003         1.2301275E+002         1.0277970E+002
     7.4989421E-001         1.8677955E+003         1.7652938E+003         2.0425218E+003         2.3880197E+003         2.0941082E+003         2.1524043E+002         1.9013744E+003         1.8356778E+003         1.2301275E+002         1.0277970E+002
     6.8129207E-001         1.8633724E+003         1.7613477E+003         2.0372214E+003         2.3798881E+003         2.0878298E+003         2.1453672E+002         1.8939368E+003         1.8287542E+003         1.2301275E+002         1.0277970E+002
     6.1896582E-001         1.8589705E+003         1.7574194E+003         2.0319488E+003         2.3718127E+003         2.0815895E+003         2.1383767E+002         1.8865584E+003         1.8218835E+003         1.2301275E+002         1.0277970E+002
     5.6234133E-001         1.8545895E+003         1.7535087E+003         2.0267039E+003         2.3637929E+003         2.0753870E+003         2.1314324E+002         1.8792384E+003         1.8150653E+003         1.2301275E+002         1.0277970E+002
     5.1089698E-001         1.8502294E+003         1.7496156E+003         2.0214862E+003         2.3558281E+003         2.0692219E+003         2.1245338E+002         1.8719761E+003         1.8082989E+003         1.2301275E+002         1.0277970E+002
     4.6415888E-001         1.8458900E+003         1.7457400E+003         2.0162958E+003         2.3479178E+003         2.0630939E+003         2.1176805E+002         1.8647709E+003         1.8015838E+003         1.2301275E+002         1.0277970E+002
     4.2169650E-001         1.8415711E+003         1.7418816E+003         2.0111321E+003         2.3400611E+003         2.0570025E+003         2.1108718E+002         1.8576218E+003         1.7949191E+003         1.2301275E+002         1.0277970E+002
     3.8311868E-001         1.8372726E+003         1.7380404E+003         2.0059953E+003         2.3322578E+003         2.0509475E+003         2.1041075E+002         1.8505285E+003         1.7883046E+003         1.2301275E+002         1.0277970E+002
     3.4807006E-001         1.8329944E+003         1.7342164E+003         2.0008849E+003         2.3245072E+003         2.0449286E+003         2.0973872E+002         1.8434902E+003         1.7817395E+003         1.2301275E+002         1.0277970E+002
     3.1622777E-001         1.8287362E+003         1.7304093E+003         1.9958008E+003         2.3168088E+003         2.0389455E+003         2.0907103E+002         1.8365062E+003         1.7752234E+003         1.2301275E+002         1.0277970E+002
     2.8729848E-001         1.8244981E+003         1.7266191E+003         1.9907429E+003         2.3091622E+003         2.0329978E+003         2.0840765E+002         1.8295761E+003         1.7687556E+003         1.2301275E+002         1.0277970E+002
     2.6101572E-001         1.8202797E+003         1.7228456E+003         1.9857108E+003         2.3015667E+003         2.0270853E+003         2.0774854E+002         1.8226990E+003         1.7623357E+003         1.2301275E+002         1.0277970E+002
     2.3713737E-001         1.8160811E+003         1.7190888E+003         1.9807045E+003         2.2940218E+003         2.0212075E+003         2.0709365E+002         1.8158745E+003         1.7559631E+003         1.2301275E+002         1.0277970E+002
     2.1544347E-001         1.8119020E+003         1.7153485E+003         1.9757237E+003         2.2865271E+003         2.0153642E+003         2.0644294E+002         1.8091018E+003         1.7496373E+003         1.2301275E+002         1.0277970E+002
     1.9573418E-001         1.8077424E+003         1.7116246E+003         1.9707682E+003         2.2790821E+003         2.0095552E+003         2.0579638E+002         1.8023805E+003         1.7433577E+003         1.2301275E+002         1.0277970E+002
     1.7782794E-001         1.8036020E+003         1.7079171E+003         1.9658378E+003         2.2716862E+003         2.0037800E+003         2.0515392E+002         1.7957098E+003         1.7371239E+003         1.2301275E+002         1.0277970E+002
     1.6155981E-001         1.7995025E+003         1.7042452E+003         1.9609582E+003         2.2643776E+003         1.9980686E+003         2.0451888E+002         1.7891242E+003         1.7309680E+003         1.2301275E+002         1.0277970E+002
     1.4677993E-001         1.7954218E+003         1.7005893E+003         1.9561030E+003         2.2571167E+003         1.9923902E+003         2.0388783E+002         1.7825876E+003         1.7248562E+003         1.2301275E+002         1.0277970E+002
     1.3335214E-001         1.7913598E+003         1.6969491E+003         1.9512722E+003         2.2499029E+003         1.9867445E+003         2.0326072E+002         1.7760995E+003         1.7187883E+003         1.2301275E+002         1.0277970E+002
     1.2115277E-001         1.7873164E+003         1.6933247E+003         1.9464655E+003         2.2427359E+003         1.9811312E+003         2.0263752E+002         1.7696593E+003         1.7127637E+003         1.2301275E+002         1.0277970E+002
     1.1006942E-001         1.7832913E+003         1.6897160E+003         1.9416827E+003         2.2356152E+003         1.9755499E+003         2.0201819E+002         1.7632665E+003         1.7067820E+003         1.2301275E+002         1.0277970E+002
     1.0000000E-001         1.7792846E+003         1.6861227E+003         1.9369236E+003         2.2285403E+003         1.9700004E+003         2.0140269E+002         1.7569207E+003         1.7008426E+003         1.2301275E+002         1.0277970E+002
     9.0851758E-002         1.7752961E+003         1.6825449E+003         1.9321881E+003         2.2215107E+003         1.9644825E+003         2.0079100E+002         1.7506212E+003         1.6949452E+003         1.2301275E+002         1.0277970E+002
     8.2540419E-002         1.7713256E+003         1.6789823E+003         1.9274760E+003         2.2145261E+003         1.9589959E+003         2.0018306E+002         1.7443675E+003         1.6890893E+003         1.2301275E+002         1.0277970E+002
     7.4989421E-002         1.7673730E+003         1.6754350E+003         1.9227871E+003         2.2075860E+003         1.9535403E+003         1.9957886E+002         1.7381592E+003         1.6832744E+003         1.2301275E+002         1.0277970E+002
     6.8129207E-002         1.7634382E+003         1.6719029E+003         1.9181213E+003         2.2006900E+003         1.9481154E+003         1.9897834E+002         1.7319958E+003         1.6775002E+003         1.2301275E+002         1.0277970E+002
     6.1896582E-002         1.7596394E+003         1.6684919E+003         1.9136185E+003         2.1940443E+003         1.9428838E+003         1.9839950E+002         1.7260612E+003         1.6719390E+003         1.2301275E+002         1.0277970E+002
     5.6234133E-002         1.7558571E+003         1.6650950E+003         1.9091370E+003         2.1874393E+003         1.9376806E+003         1.9782406E+002         1.7201679E+003         1.6664153E+003         1.2301275E+002         1.0277970E+002
     5.1089698E-002         1.7520912E+003         1.6617121E+003         1.9046768E+003         2.1808745E+003         1.9325056E+003         1.9725200E+002         1.7143154E+003         1.6609286E+003         1.2301275E+002         1.0277970E+002
     4.6415888E-002         1.7483416E+003         1.6583430E+003         1.9002376E+003         2.1743497E+003         1.9273586E+003         1.9668329E+002         1.7085033E+003         1.6554785E+003         1.2301275E+002         1.0277970E+002
     4.2169650E-002         1.7446083E+003         1.6549877E+003         1.8958193E+003         2.1678645E+003         1.9222393E+003         1.9611791E+002         1.7027313E+003         1.6500647E+003         1.2301275E+002         1.0277970E+002
     3.8311868E-002         1.7408910E+003         1.6516461E+003         1.8914218E+003         2.1614184E+003         1.9171475E+003         1.9555581E+002         1.6969988E+003         1.6446868E+003         1.2301275E+002         1.0277970E+002
     3.4807006E-002         1.7371897E+003         1.6483181E+003         1.8870448E+003         2.1550112E+003         1.9120830E+003         1.9499698E+002         1.6913054E+003         1.6393444E+003         1.2301275E+002         1.0277970E+002
     3.1622777E-002         1.7335043E+003         1.6450036E+003         1.8826884E+003         2.1486424E+003         1.9070456E+003         1.9444138E+002         1.6856509E+003         1.6340373E+003         1.2301275E+002         1.0277970E+002
     2.8729848E-002         1.7298346E+003         1.6417026E+003         1.8783522E+003         2.1423118E+003         1.9020350E+003         1.9388899E+002         1.6800347E+003         1.6287650E+003         1.2301275E+002         1.0277970E+002
     2.6101572E-002         1.7261807E+003         1.6384150E+003         1.8740363E+003         2.1360189E+003         1.8970510E+003         1.9333977E+002         1.6744564E+003         1.6235272E+003         1.2301275E+002         1.0277970E+002
     2.3713737E-002         1.7226166E+003         1.6352074E+003         1.8698280E+003         2.1298911E+003         1.8921947E+003         1.9280485E+002         1.6690288E+003         1.6184297E+003         1.2301275E+002         1.0277970E+002
     2.1544347E-002         1.7190674E+003         1.6320126E+003         1.8656389E+003         2.1237989E+003         1.8873635E+003         1.9227292E+002         1.6636368E+003         1.6133647E+003         1.2301275E+002         1.0277970E+002
     1.9573418E-002         1.7155329E+003         1.6288304E+003         1.8614687E+003         2.1177420E+003         1.8825572E+003         1.9174397E+002         1.6582801E+003         1.6083318E+003         1.2301275E+002         1.0277970E+002
     1.7782794E-002         1.7120131E+003         1.6256607E+003         1.8573173E+003         2.1117201E+003         1.8777757E+003         1.9121796E+002         1.6529585E+003         1.6033307E+003         1.2301275E+002         1.0277970E+002
     1.6155981E-002         1.7085079E+003         1.6225034E+003         1.8531847E+003         2.1057329E+003         1.8730188E+003         1.9069487E+002         1.6476715E+003         1.5983612E+003         1.2301275E+002         1.0277970E+002
     1.4677993E-002         1.7050171E+003         1.6193585E+003         1.8490706E+003         2.0997801E+003         1.8682862E+003         1.9017467E+002         1.6424188E+003         1.5934229E+003         1.2301275E+002         1.0277970E+002
     1.3335214E-002         1.7015408E+003         1.6162259E+003         1.8449749E+003         2.0938613E+003         1.8635778E+003         1.8965736E+002         1.6372001E+003         1.5885155E+003         1.2301275E+002         1.0277970E+002
     1.2115277E-002         1.6980788E+003         1.6131055E+003         1.8408976E+003         2.0879764E+003         1.8588934E+003         1.8914288E+002         1.6320150E+003         1.5836388E+003         1.2301275E+002         1.0277970E+002
     1.1006942E-002         1.6946309E+003         1.6099972E+003         1.8368385E+003         2.0821249E+003         1.8542329E+003         1.8863124E+002         1.6268632E+003         1.5787925E+003         1.2301275E+002         1.0277970E+002
     1.0000000E-002         1.6911973E+003         1.6069011E+003         1.8327975E+003         2.0763067E+003         1.8495959E+003         1.8812240E+002         1.6217444E+003         1.5739762E+003         1.2301275E+002         1.0277970E+002
     9.0851758E-003         1.6877313E+003         1.6037752E+003         1.8287200E+003         2.0704431E+003         1.8449200E+003         1.8760948E+002         1.6165895E+003         1.5691250E+003         1.2301275E+002         1.0277970E+002
     8.2540419E-003         1.6842797E+003         1.6006616E+003         1.8246608E+003         2.0646130E+003         1.8402680E+003         1.8709940E+002         1.6114678E+003         1.5643040E+003         1.2301275E+002         1.0277970E+002
     7.4989421E-003         1.6808424E+003         1.5975602E+003         1.8206197E+003         2.0588162E+003         1.8356398E+003         1.8659213E+002         1.6063791E+003         1.5595131E+003         1.2301275E+002         1.0277970E+002
     6.8129207E-003         1.6774191E+003         1.5944708E+003         1.8165968E+003         2.0530523E+003         1.8310350E+003         1.8608764E+002         1.6013229E+003         1.5547520E+003         1.2301275E+002         1.0277970E+002
     6.1896582E-003         1.6740100E+003         1.5913936E+003         1.8125918E+003         2.0473212E+003         1.8264537E+003         1.8558591E+002         1.5962990E+003         1.5500203E+003         1.2301275E+002         1.0277970E+002
     5.6234133E-003         1.6706149E+003         1.5883283E+003         1.8086047E+003         2.0416224E+003         1.8218955E+003         1.8508692E+002         1.5913070E+003         1.5453178E+003         1.2301275E+002         1.0277970E+002
     5.1089698E-003         1.6672336E+003         1.5852749E+003         1.8046352E+003         2.0359557E+003         1.8173603E+003         1.8459064E+002         1.5863467E+003         1.5406442E+003         1.2301275E+002         1.0277970E+002
     4.6415888E-003         1.6638662E+003         1.5822334E+003         1.8006834E+003         2.0303208E+003         1.8128479E+003         1.8409706E+002         1.5814177E+003         1.5359993E+003         1.2301275E+002         1.0277970E+002
     4.2169650E-003         1.6605124E+003         1.5792037E+003         1.7967490E+003         2.0247176E+003         1.8083582E+003         1.8360615E+002         1.5765198E+003         1.5313827E+003         1.2301275E+002         1.0277970E+002
     3.8311868E-003         1.6571724E+003         1.5761856E+003         1.7928320E+003         2.0191456E+003         1.8038910E+003         1.8311788E+002         1.5716527E+003         1.5267942E+003         1.2301275E+002         1.0277970E+002
     3.4807006E-003         1.6537772E+003         1.5731172E+003         1.7888518E+003         2.0134905E+003         1.7993544E+003         1.8262224E+002         1.5667163E+003         1.5221397E+003         1.2301275E+002         1.0277970E+002
     3.1622777E-003         1.6503961E+003         1.5700608E+003         1.7848895E+003         2.0078674E+003         1.7948409E+003         1.8212930E+002         1.5618114E+003         1.5175139E+003         1.2301275E+002         1.0277970E+002
     2.8729848E-003         1.6470290E+003         1.5670164E+003         1.7809449E+003         2.0022761E+003         1.7903503E+003         1.8163906E+002         1.5569376E+003         1.5129166E+003         1.2301275E+002         1.0277970E+002
     2.6101572E-003         1.6436757E+003         1.5639838E+003         1.7770178E+003         1.9967164E+003         1.7858824E+003         1.8115149E+002         1.5520947E+003         1.5083475E+003         1.2301275E+002         1.0277970E+002
     2.3713737E-003         1.6403362E+003         1.5609632E+003         1.7731083E+003         1.9911878E+003         1.7814371E+003         1.8066657E+002         1.5472823E+003         1.5038063E+003         1.2301275E+002         1.0277970E+002
     2.1544347E-003         1.6370103E+003         1.5579543E+003         1.7692161E+003         1.9856903E+003         1.7770141E+003         1.8018427E+002         1.5425001E+003         1.4992929E+003         1.2301275E+002         1.0277970E+002
     1.9573418E-003         1.6336981E+003         1.5549570E+003         1.7653412E+003         1.9802235E+003         1.7726133E+003         1.7970458E+002         1.5377478E+003         1.4948069E+003         1.2301275E+002         1.0277970E+002
     1.7782794E-003         1.6303994E+003         1.5519715E+003         1.7614834E+003         1.9747871E+003         1.7682346E+003         1.7922747E+002         1.5330253E+003         1.4903480E+003         1.2301275E+002         1.0277970E+002
     1.6155981E-003         1.6271141E+003         1.5489974E+003         1.7576426E+003         1.9693809E+003         1.7638777E+003         1.7875293E+002         1.5283321E+003         1.4859162E+003         1.2301275E+002         1.0277970E+002
     1.4677993E-003         1.6238422E+003         1.5460349E+003         1.7538187E+003         1.9640047E+003         1.7595425E+003         1.7828092E+002         1.5236680E+003         1.4815110E+003         1.2301275E+002         1.0277970E+002
     1.3335214E-003         1.6205417E+003         1.5430459E+003         1.7499628E+003         1.9585896E+003         1.7551734E+003         1.7780541E+002         1.5189733E+003         1.4770761E+003         1.2301275E+002         1.0277970E+002
     1.2115277E-003         1.6172548E+003         1.5400685E+003         1.7461239E+003         1.9532046E+003         1.7508263E+003         1.7733247E+002         1.5143079E+003         1.4726680E+003         1.2301275E+002         1.0277970E+002
     1.1006942E-003         1.6139812E+003         1.5371028E+003         1.7423021E+003         1.9478497E+003         1.7465010E+003         1.7686207E+002         1.5096716E+003         1.4682866E+003         1.2301275E+002         1.0277970E+002
     1.0000000E-003         1.6107211E+003         1.5341485E+003         1.7384971E+003         1.9425244E+003         1.7421972E+003         1.7639419E+002         1.5050640E+003         1.4639317E+003         1.2301275E+002         1.0277970E+002
     9.0851758E-004         1.6074742E+003         1.5312057E+003         1.7347089E+003         1.9372286E+003         1.7379149E+003         1.7592882E+002         1.5004848E+003         1.4596028E+003         1.2301275E+002         1.0277970E+002
     8.2540419E-004         1.6042406E+003         1.5282743E+003         1.7309374E+003         1.9319620E+003         1.7336538E+003         1.7546593E+002         1.4959339E+003         1.4552999E+003         1.2301275E+002         1.0277970E+002
     7.4989421E-004         1.6010200E+003         1.5253541E+003         1.7271824E+003         1.9267243E+003         1.7294139E+003         1.7500550E+002         1.4914110E+003         1.4510227E+003         1.2301275E+002         1.0277970E+002
     6.8129207E-004         1.5978125E+003         1.5224453E+003         1.7234439E+003         1.9215154E+003         1.7251949E+003         1.7454751E+002         1.4869158E+003         1.4467709E+003         1.2301275E+002         1.0277970E+002
     6.1896582E-004         1.5946180E+003         1.5195476E+003         1.7197217E+003         1.9163350E+003         1.7209967E+003         1.7409195E+002         1.4824480E+003         1.4425444E+003         1.2301275E+002         1.0277970E+002
     5.6234133E-004         1.5914363E+003         1.5166610E+003         1.7160157E+003         1.9111828E+003         1.7168191E+003         1.7363880E+002         1.4780074E+003         1.4383428E+003         1.2301275E+002         1.0277970E+002
     5.1089698E-004         1.5882484E+003         1.5137681E+003         1.7123036E+003         1.9060277E+003         1.7126370E+003         1.7318530E+002         1.4735671E+003         1.4341409E+003         1.2301275E+002         1.0277970E+002
     4.6415888E-004         1.5850732E+003         1.5108864E+003         1.7086076E+003         1.9009007E+003         1.7084754E+003         1.7273421E+002         1.4691538E+003         1.4299637E+003         1.2301275E+002         1.0277970E+002
     4.2169650E-004         1.5819109E+003         1.5080157E+003         1.7049278E+003         1.8958016E+003         1.7043343E+003         1.7228548E+002         1.4647673E+003         1.4258112E+003         1.2301275E+002         1.0277970E+002
     3.8311868E-004         1.5787613E+003         1.5051560E+003         1.7012640E+003         1.8907302E+003         1.7002134E+003         1.7183912E+002         1.4604073E+003         1.4216831E+003         1.2301275E+002         1.0277970E+002
     3.4807006E-004         1.5756244E+003         1.5023072E+003         1.6976160E+003         1.8856863E+003         1.6961126E+003         1.7139509E+002         1.4560736E+003         1.4175792E+003         1.2301275E+002         1.0277970E+002
     3.1622777E-004         1.5725000E+003         1.4994693E+003         1.6939838E+003         1.8806695E+003         1.6920319E+003         1.7095338E+002         1.4517659E+003         1.4134993E+003         1.2301275E+002         1.0277970E+002
     2.8729848E-004         1.5693881E+003         1.4966422E+003         1.6903673E+003         1.8756797E+003         1.6879710E+003         1.7051397E+002         1.4474840E+003         1.4094432E+003         1.2301275E+002         1.0277970E+002
     2.6101572E-004         1.5662887E+003         1.4938259E+003         1.6867664E+003         1.8707167E+003         1.6839297E+003         1.7007685E+002         1.4432277E+003         1.4054106E+003         1.2301275E+002         1.0277970E+002
     2.3713737E-004         1.5632016E+003         1.4910202E+003         1.6831810E+003         1.8657803E+003         1.6799080E+003         1.6964199E+002         1.4389967E+003         1.4014014E+003         1.2301275E+002         1.0277970E+002
     2.1544347E-004         1.5601267E+003         1.4882252E+003         1.6796109E+003         1.8608702E+003         1.6759058E+003         1.6920938E+002         1.4347909E+003         1.3974153E+003         1.2301275E+002         1.0277970E+002
     1.9573418E-004         1.5570560E+003         1.4854334E+003         1.6760469E+003         1.8559734E+003         1.6719123E+003         1.6877787E+002         1.4305990E+003         1.3934418E+003         1.2301275E+002         1.0277970E+002
     1.7782794E-004         1.5539976E+003         1.4826522E+003         1.6724980E+003         1.8511027E+003         1.6679381E+003         1.6834859E+002         1.4264319E+003         1.3894911E+003         1.2301275E+002         1.0277970E+002
     1.6155981E-004         1.5509512E+003         1.4798815E+003         1.6689644E+003         1.8462578E+003         1.6639829E+003         1.6792151E+002         1.4222893E+003         1.3855631E+003         1.2301275E+002         1.0277970E+002
     1.4677993E-004         1.5479169E+003         1.4771212E+003         1.6654458E+003         1.8414386E+003         1.6600467E+003         1.6749663E+002         1.4181711E+003         1.3816576E+003         1.2301275E+002         1.0277970E+002
     1.3335214E-004         1.5448945E+003         1.4743713E+003         1.6619421E+003         1.8366448E+003         1.6561293E+003         1.6707391E+002         1.4140771E+003         1.3777744E+003         1.2301275E+002         1.0277970E+002
     1.2115277E-004         1.5418840E+003         1.4716317E+003         1.6584534E+003         1.8318763E+003         1.6522306E+003         1.6665336E+002         1.4100070E+003         1.3739133E+003         1.2301275E+002         1.0277970E+002
     1.1006942E-004         1.5388854E+003         1.4689024E+003         1.6549794E+003         1.8271327E+003         1.6483504E+003         1.6623494E+002         1.4059605E+003         1.3700740E+003         1.2301275E+002         1.0277970E+002
     1.0000000E-004         1.5358985E+003         1.4661832E+003         1.6515201E+003         1.8224140E+003         1.6444886E+003         1.6581864E+002         1.4019376E+003         1.3662565E+003         1.2301275E+002         1.0277970E+002
     9.0851758E-005         1.5329234E+003         1.4634743E+003         1.6480754E+003         1.8177200E+003         1.6406451E+003         1.6540446E+002         1.3979380E+003         1.3624604E+003         1.2301275E+002         1.0277970E+002
     8.2540419E-005         1.5299598E+003         1.4607754E+003         1.6446452E+003         1.8130504E+003         1.6368197E+003         1.6499236E+002         1.3939615E+003         1.3586857E+003         1.2301275E+002         1.0277970E+002
     7.4989421E-005         1.5270042E+003         1.4580832E+003         1.6412252E+003         1.8083993E+003         1.6330077E+003         1.6458184E+002         1.3900030E+003         1.3549276E+003         1.2301275E+002         1.0277970E+002
     6.8129207E-005         1.5240601E+003         1.4554011E+003         1.6378196E+003         1.8037724E+003         1.6292136E+003         1.6417338E+002         1.3860673E+003         1.3511906E+003         1.2301275E+002         1.0277970E+002
     6.1896582E-005         1.5211274E+003         1.4527289E+003         1.6344282E+003         1.7991694E+003         1.6254374E+003         1.6376697E+002         1.3821542E+003         1.3474743E+003         1.2301275E+002         1.0277970E+002
     5.6234133E-005         1.5182061E+003         1.4500666E+003         1.6310510E+003         1.7945902E+003         1.6216787E+003         1.6336259E+002         1.3782634E+003         1.3437788E+003         1.2301275E+002         1.0277970E+002
     5.1089698E-005         1.5152962E+003         1.4474141E+003         1.6276878E+003         1.7900345E+003         1.6179377E+003         1.6296023E+002         1.3743947E+003         1.3401037E+003         1.2301275E+002         1.0277970E+002
     4.6415888E-005         1.5123974E+003         1.4447714E+003         1.6243387E+003         1.7855022E+003         1.6142141E+003         1.6255987E+002         1.3705481E+003         1.3364490E+003         1.2301275E+002         1.0277970E+002
     4.2169650E-005         1.5095099E+003         1.4421384E+003         1.6210034E+003         1.7809930E+003         1.6105078E+003         1.6216150E+002         1.3667232E+003         1.3328145E+003         1.2301275E+002         1.0277970E+002
     3.8311868E-005         1.5066335E+003         1.4395151E+003         1.6176820E+003         1.7765069E+003         1.6068186E+003         1.6176511E+002         1.3629199E+003         1.3291999E+003         1.2301275E+002         1.0277970E+002
     3.4807006E-005         1.5037681E+003         1.4369014E+003         1.6143743E+003         1.7720437E+003         1.6031465E+003         1.6137067E+002         1.3591380E+003         1.3256052E+003         1.2301275E+002         1.0277970E+002
     3.1622777E-005         1.5009137E+003         1.4342973E+003         1.6110802E+003         1.7676031E+003         1.5994914E+003         1.6097817E+002         1.3553774E+003         1.3220301E+003         1.2301275E+002         1.0277970E+002
     2.8729848E-005         1.4980680E+003         1.4317007E+003         1.6077972E+003         1.7631816E+003         1.5958503E+003         1.6058730E+002         1.3516349E+003         1.3184718E+003         1.2301275E+002         1.0277970E+002
     2.6101572E-005         1.4952332E+003         1.4291136E+003         1.6045277E+003         1.7587824E+003         1.5922259E+003         1.6019835E+002         1.3479134E+003         1.3149329E+003         1.2301275E+002         1.0277970E+002
     2.3713737E-005         1.4924093E+003         1.4265358E+003         1.6012716E+003         1.7544054E+003         1.5886182E+003         1.5981130E+002         1.3442125E+003         1.3114131E+003         1.2301275E+002         1.0277970E+002
     2.1544347E-005         1.4895960E+003         1.4239675E+003         1.5980288E+003         1.7500504E+003         1.5850270E+003         1.5942615E+002         1.3405322E+003         1.3079125E+003         1.2301275E+002         1.0277970E+002
     1.9573418E-005         1.4867935E+003         1.4214085E+003         1.5947992E+003         1.7457173E+003         1.5814521E+003         1.5904286E+002         1.3368724E+003         1.3044307E+003         1.2301275E+002         1.0277970E+002
     1.7782794E-005         1.4840016E+003         1.4188587E+003         1.5915828E+003         1.7414059E+003         1.5778935E+003         1.5866144E+002         1.3332327E+003         1.3009677E+003         1.2301275E+002         1.0277970E+002
     1.6155981E-005         1.4812203E+003         1.4163181E+003         1.5883795E+003         1.7371159E+003         1.5743511E+003         1.5828187E+002         1.3296130E+003         1.2975232E+003         1.2301275E+002         1.0277970E+002
     1.4677993E-005         1.4784494E+003         1.4137868E+003         1.5851892E+003         1.7328474E+003         1.5708248E+003         1.5790413E+002         1.3260133E+003         1.2940972E+003         1.2301275E+002         1.0277970E+002
     1.3335214E-005         1.4756891E+003         1.4112645E+003         1.5820119E+003         1.7286000E+003         1.5673143E+003         1.5752821E+002         1.3224332E+003         1.2906895E+003         1.2301275E+002         1.0277970E+002
     1.2115277E-005         1.4729391E+003         1.4087513E+003         1.5788473E+003         1.7243736E+003         1.5638198E+003         1.5715410E+002         1.3188727E+003         1.2873000E+003         1.2301275E+002         1.0277970E+002
     1.1006942E-005         1.4701973E+003         1.4062452E+003         1.5756931E+003         1.7201649E+003         1.5603382E+003         1.5678150E+002         1.3153289E+003         1.2839258E+003         1.2301275E+002         1.0277970E+002
     1.0000000E-005         1.4674658E+003         1.4037481E+003         1.5725517E+003         1.7159770E+003         1.5568724E+003         1.5641068E+002         1.3118043E+003         1.2805695E+003         1.2301275E+002         1.0277970E+002
     9.0851758E-006         1.4647446E+003         1.4012599E+003         1.5694228E+003         1.7118096E+003         1.5534220E+003         1.5604163E+002         1.3082988E+003         1.2772310E+003         1.2301275E+002         1.0277970E+002
     8.2540419E-006         1.4620335E+003         1.3987806E+003         1.5663065E+003         1.7076627E+003         1.5499871E+003         1.5567434E+002         1.3048123E+003         1.2739100E+003         1.2301275E+002         1.0277970E+002
     7.4989421E-006         1.4593325E+003         1.3963101E+003         1.5632027E+003         1.7035361E+003         1.5465676E+003         1.5530880E+002         1.3013445E+003         1.2706066E+003         1.2301275E+002         1.0277970E+002
     6.8129207E-006         1.4566416E+003         1.3938484E+003         1.5601113E+003         1.6994297E+003         1.5431632E+003         1.5494499E+002         1.2978954E+003         1.2673204E+003         1.2301275E+002         1.0277970E+002
     6.1896582E-006         1.4539607E+003         1.3913955E+003         1.5570322E+003         1.6953432E+003         1.5397740E+003         1.5458290E+002         1.2944648E+003         1.2640514E+003         1.2301275E+002         1.0277970E+002
     5.6234133E-006         1.4512897E+003         1.3889513E+003         1.5539653E+003         1.6912766E+003         1.5363998E+003         1.5422252E+002         1.2910525E+003         1.2607995E+003         1.2301275E+002         1.0277970E+002
     5.1089698E-006         1.4486286E+003         1.3865157E+003         1.5509107E+003         1.6872296E+003         1.5330405E+003         1.5386384E+002         1.2876584E+003         1.2575644E+003         1.2301275E+002         1.0277970E+002
     4.6415888E-006         1.4459774E+003         1.3840887E+003         1.5478681E+003         1.6832023E+003         1.5296961E+003         1.5350684E+002         1.2842824E+003         1.2543462E+003         1.2301275E+002         1.0277970E+002
     4.2169650E-006         1.4433331E+003         1.3816677E+003         1.5448344E+003         1.6791901E+003         1.5263628E+003         1.5315114E+002         1.2809207E+003         1.2511412E+003         1.2301275E+002         1.0277970E+002
     3.8311868E-006         1.4406986E+003         1.3792553E+003         1.5418127E+003         1.6751973E+003         1.5230443E+003         1.5279711E+002         1.2775767E+003         1.2479528E+003         1.2301275E+002         1.0277970E+002
     3.4807006E-006         1.4380738E+003         1.3768513E+003         1.5388029E+003         1.6712236E+003         1.5197402E+003         1.5244472E+002         1.2742505E+003         1.2447808E+003         1.2301275E+002         1.0277970E+002
     3.1622777E-006         1.4354586E+003         1.3744558E+003         1.5358050E+003         1.6672690E+003         1.5164507E+003         1.5209398E+002         1.2709417E+003         1.2416251E+003         1.2301275E+002         1.0277970E+002
     2.8729848E-006         1.4328530E+003         1.3720687E+003         1.5328188E+003         1.6633332E+003         1.5131755E+003         1.5174487E+002         1.2676503E+003         1.2384855E+003         1.2301275E+002         1.0277970E+002
     2.6101572E-006         1.4302569E+003         1.3696899E+003         1.5298443E+003         1.6594163E+003         1.5099146E+003         1.5139737E+002         1.2643762E+003         1.2353620E+003         1.2301275E+002         1.0277970E+002
     2.3713737E-006         1.4276703E+003         1.3673195E+003         1.5268815E+003         1.6555179E+003         1.5066679E+003         1.5105149E+002         1.2611191E+003         1.2322545E+003         1.2301275E+002         1.0277970E+002
     2.1544347E-006         1.4250932E+003         1.3649573E+003         1.5239302E+003         1.6516381E+003         1.5034352E+003         1.5070719E+002         1.2578790E+003         1.2291627E+003         1.2301275E+002         1.0277970E+002
     1.9573418E-006         1.4225254E+003         1.3626033E+003         1.5209905E+003         1.6477766E+003         1.5002166E+003         1.5036449E+002         1.2546557E+003         1.2260866E+003         1.2301275E+002         1.0277970E+002
     1.7782794E-006         1.4199669E+003         1.3602575E+003         1.5180621E+003         1.6439334E+003         1.4970119E+003         1.5002335E+002         1.2514492E+003         1.2230260E+003         1.2301275E+002         1.0277970E+002
     1.6155981E-006         1.4174136E+003         1.3579160E+003         1.5151404E+003         1.6401020E+003         1.4938158E+003         1.4968323E+002         1.2482540E+003         1.2199760E+003         1.2301275E+002         1.0277970E+002
     1.4677993E-006         1.4148695E+003         1.3555827E+003         1.5122301E+003         1.6362887E+003         1.4906334E+003         1.4934466E+002         1.2450753E+003         1.2169413E+003         1.2301275E+002         1.0277970E+002
     1.3335214E-006         1.4123346E+003         1.3532574E+003         1.5093310E+003         1.6324933E+003         1.4874648E+003         1.4900764E+002         1.2419129E+003         1.2139219E+003         1.2301275E+002         1.0277970E+002
     1.2115277E-006         1.4098089E+003         1.3509402E+003         1.5064431E+003         1.6287156E+003         1.4843097E+003         1.4867216E+002         1.2387668E+003         1.2109176E+003         1.2301275E+002         1.0277970E+002
     1.1006942E-006         1.4072923E+003         1.3486310E+003         1.5035663E+003         1.6249557E+003         1.4811682E+003         1.4833820E+002         1.2356368E+003         1.2079284E+003         1.2301275E+002         1.0277970E+002
     1.0000000E-006         1.4047847E+003         1.3463297E+003         1.5007007E+003         1.6212132E+003         1.4780400E+003         1.4800575E+002         1.2325228E+003         1.2049540E+003         1.2301275E+002         1.0277970E+002
     9.0851758E-007         1.4022861E+003         1.3440363E+003         1.4978460E+003         1.6174882E+003         1.4749252E+003         1.4767481E+002         1.2294247E+003         1.2019945E+003         1.2301275E+002         1.0277970E+002
     8.2540419E-007         1.3997965E+003         1.3417508E+003         1.4950023E+003         1.6137804E+003         1.4718236E+003         1.4734536E+002         1.2263423E+003         1.1990496E+003         1.2301275E+002         1.0277970E+002
     7.4989421E-007         1.3973158E+003         1.3394732E+003         1.4921695E+003         1.6100898E+003         1.4687352E+003         1.4701740E+002         1.2232755E+003         1.1961193E+003         1.2301275E+002         1.0277970E+002
     6.8129207E-007         1.3948439E+003         1.3372033E+003         1.4893475E+003         1.6064162E+003         1.4656599E+003         1.4669091E+002         1.2202242E+003         1.1932035E+003         1.2301275E+002         1.0277970E+002
     6.1896582E-007         1.3923746E+003         1.3349353E+003         1.4865290E+003         1.6027502E+003         1.4625897E+003         1.4636505E+002         1.2171805E+003         1.1902946E+003         1.2301275E+002         1.0277970E+002
     5.6234133E-007         1.3899140E+003         1.3326751E+003         1.4837213E+003         1.5991011E+003         1.4595325E+003         1.4604065E+002         1.2141521E+003         1.1874001E+003         1.2301275E+002         1.0277970E+002
     5.1089698E-007         1.3874622E+003         1.3304227E+003         1.4809243E+003         1.5954687E+003         1.4564881E+003         1.4571770E+002         1.2111390E+003         1.1845197E+003         1.2301275E+002         1.0277970E+002
     4.6415888E-007         1.3850191E+003         1.3281778E+003         1.4781379E+003         1.5918530E+003         1.4534566E+003         1.4539620E+002         1.2081410E+003         1.1816535E+003         1.2301275E+002         1.0277970E+002
     4.2169650E-007         1.3825847E+003         1.3259407E+003         1.4753621E+003         1.5882539E+003         1.4504378E+003         1.4507612E+002         1.2051580E+003         1.1788013E+003         1.2301275E+002         1.0277970E+002
     3.8311868E-007         1.3801589E+003         1.3237111E+003         1.4725968E+003         1.5846711E+003         1.4474317E+003         1.4475747E+002         1.2021898E+003         1.1759630E+003         1.2301275E+002         1.0277970E+002
     3.4807006E-007         1.3777417E+003         1.3214890E+003         1.4698419E+003         1.5811047E+003         1.4444381E+003         1.4444023E+002         1.1992365E+003         1.1731385E+003         1.2301275E+002         1.0277970E+002
     3.1622777E-007         1.3753330E+003         1.3192745E+003         1.4670974E+003         1.5775545E+003         1.4414571E+003         1.4412440E+002         1.1962977E+003         1.1703277E+003         1.2301275E+002         1.0277970E+002
     2.8729848E-007         1.3729328E+003         1.3170674E+003         1.4643633E+003         1.5740204E+003         1.4384884E+003         1.4380995E+002         1.1933736E+003         1.1675305E+003         1.2301275E+002         1.0277970E+002
     2.6101572E-007         1.3705411E+003         1.3148678E+003         1.4616394E+003         1.5705023E+003         1.4355320E+003         1.4349690E+002         1.1904639E+003         1.1647468E+003         1.2301275E+002         1.0277970E+002
     2.3713737E-007         1.3681481E+003         1.3126667E+003         1.4589147E+003         1.5669859E+003         1.4325760E+003         1.4318395E+002         1.1875568E+003         1.1619653E+003         1.2301275E+002         1.0277970E+002
     2.1544347E-007         1.3657635E+003         1.3104730E+003         1.4562003E+003         1.5634853E+003         1.4296323E+003         1.4287238E+002         1.1846640E+003         1.1591972E+003         1.2301275E+002         1.0277970E+002
     1.9573418E-007         1.3633872E+003         1.3082867E+003         1.4534961E+003         1.5600006E+003         1.4267008E+003         1.4256219E+002         1.1817855E+003         1.1564425E+003         1.2301275E+002         1.0277970E+002
     1.7782794E-007         1.3610193E+003         1.3061078E+003         1.4508020E+003         1.5565315E+003         1.4237814E+003         1.4225335E+002         1.1789211E+003         1.1537009E+003         1.2301275E+002         1.0277970E+002
     1.6155981E-007         1.3586597E+003         1.3039361E+003         1.4481179E+003         1.5530780E+003         1.4208741E+003         1.4194586E+002         1.1760707E+003         1.1509725E+003         1.2301275E+002         1.0277970E+002
     1.4677993E-007         1.3563083E+003         1.3017717E+003         1.4454439E+003         1.5496400E+003         1.4179787E+003         1.4163971E+002         1.1732342E+003         1.1482571E+003         1.2301275E+002         1.0277970E+002
     1.3335214E-007         1.3539652E+003         1.2996146E+003         1.4427798E+003         1.5462173E+003         1.4150952E+003         1.4133489E+002         1.1704116E+003         1.1455547E+003         1.2301275E+002         1.0277970E+002
     1.2115277E-007         1.3516301E+003         1.2974647E+003         1.4401256E+003         1.5428099E+003         1.4122236E+003         1.4103140E+002         1.1676027E+003         1.1428651E+003         1.2301275E+002         1.0277970E+002
     1.1006942E-007         1.3493032E+003         1.2953219E+003         1.4374812E+003         1.5394176E+003         1.4093637E+003         1.4072922E+002         1.1648074E+003         1.1401882E+003         1.2301275E+002         1.0277970E+002
     1.0000000E-007         1.3469844E+003         1.2931862E+003         1.4348466E+003         1.5360404E+003         1.4065154E+003         1.4042835E+002         1.1620256E+003         1.1375240E+003         1.2301275E+002         1.0277970E+002
