#  lambda [mu]       Rp^2/Rstar^2
      0.250000     2.3069805E-002     2.3069805E-002
      0.251667     2.3060971E-002     2.3060971E-002
      0.253344     2.3052088E-002     2.3052088E-002
      0.255033     2.3043352E-002     2.3043352E-002
      0.256734     2.3034461E-002     2.3034461E-002
      0.258445     2.3025589E-002     2.3025589E-002
      0.260168     2.3016811E-002     2.3016811E-002
      0.261903     2.3007894E-002     2.3007894E-002
      0.263649     2.2999007E-002     2.2999007E-002
      0.265406     2.2990170E-002     2.2990170E-002
      0.267176     2.2981248E-002     2.2981248E-002
      0.268957     2.2972337E-002     2.2972337E-002
      0.270750     2.2963445E-002     2.2963445E-002
      0.272555     2.2954516E-002     2.2954516E-002
      0.274372     2.2945576E-002     2.2945576E-002
      0.276201     2.2936633E-002     2.2936633E-002
      0.278042     2.2927718E-002     2.2927718E-002
      0.279896     2.2918750E-002     2.2918750E-002
      0.281762     2.2909742E-002     2.2909742E-002
      0.283640     2.2900754E-002     2.2900754E-002
      0.285531     2.2891772E-002     2.2891772E-002
      0.287435     2.2883217E-002     2.2883217E-002
      0.289351     2.2873735E-002     2.2873735E-002
      0.291280     2.2864692E-002     2.2864692E-002
      0.293222     2.2855646E-002     2.2855646E-002
      0.295177     2.2848076E-002     2.2848076E-002
      0.297145     2.2837718E-002     2.2837718E-002
      0.299126     2.2828438E-002     2.2828438E-002
      0.301120     2.2819343E-002     2.2819343E-002
      0.303127     2.2810236E-002     2.2810236E-002
      0.305148     2.2801116E-002     2.2801116E-002
      0.307182     2.2792000E-002     2.2792000E-002
      0.309230     2.2782839E-002     2.2782839E-002
      0.311292     2.2773681E-002     2.2773681E-002
      0.313367     2.2764511E-002     2.2764511E-002
      0.315456     2.2755327E-002     2.2755327E-002
      0.317559     2.2746130E-002     2.2746130E-002
      0.319676     2.2736921E-002     2.2736921E-002
      0.321808     2.2727698E-002     2.2727698E-002
      0.323953     2.2718462E-002     2.2718462E-002
      0.326113     2.2709213E-002     2.2709213E-002
      0.328287     2.2699951E-002     2.2699951E-002
      0.330475     2.2690676E-002     2.2690676E-002
      0.332678     2.2681386E-002     2.2681386E-002
      0.334896     2.2672086E-002     2.2672086E-002
      0.337129     2.2662768E-002     2.2662768E-002
      0.339376     2.2653434E-002     2.2653434E-002
      0.341639     2.2644089E-002     2.2644089E-002
      0.343917     2.2634730E-002     2.2634730E-002
      0.346209     2.2625356E-002     2.2625356E-002
      0.348517     2.2615968E-002     2.2615968E-002
      0.350841     2.2606565E-002     2.2606565E-002
      0.353180     2.2597148E-002     2.2597148E-002
      0.355534     2.2587716E-002     2.2587716E-002
      0.357905     2.2578269E-002     2.2578269E-002
      0.360291     2.2568808E-002     2.2568808E-002
      0.362692     2.2559354E-002     2.2559354E-002
      0.365110     2.2549852E-002     2.2549852E-002
      0.367544     2.2540328E-002     2.2540328E-002
      0.369995     2.2530802E-002     2.2530802E-002
      0.372461     2.2521264E-002     2.2521264E-002
      0.374945     2.2511709E-002     2.2511709E-002
      0.377444     2.2502144E-002     2.2502144E-002
      0.379960     2.2492554E-002     2.2492554E-002
      0.382493     2.2482951E-002     2.2482951E-002
      0.385043     2.2473331E-002     2.2473331E-002
      0.387610     2.2463696E-002     2.2463696E-002
      0.390194     2.2454050E-002     2.2454050E-002
      0.392796     2.2444390E-002     2.2444390E-002
      0.395414     2.2434736E-002     2.2434736E-002
      0.398051     2.2425203E-002     2.2425203E-002
      0.400704     2.2415406E-002     2.2415406E-002
      0.403376     2.2405587E-002     2.2405587E-002
      0.406065     2.2395818E-002     2.2395818E-002
      0.408772     2.2386052E-002     2.2386052E-002
      0.411497     2.2376274E-002     2.2376274E-002
      0.414240     2.2366492E-002     2.2366492E-002
      0.417002     2.2356743E-002     2.2356743E-002
      0.419782     2.2346881E-002     2.2346881E-002
      0.422580     2.2337005E-002     2.2337005E-002
      0.425398     2.2327156E-002     2.2327156E-002
      0.428234     2.2317271E-002     2.2317271E-002
      0.431089     2.2307364E-002     2.2307364E-002
      0.433962     2.2297442E-002     2.2297442E-002
      0.436856     2.2287523E-002     2.2287523E-002
      0.439768     2.2277724E-002     2.2277724E-002
      0.442700     2.2269000E-002     2.2269000E-002
      0.445651     2.2258827E-002     2.2258827E-002
      0.448622     2.2248035E-002     2.2248035E-002
      0.451613     2.2237666E-002     2.2237666E-002
      0.454624     2.2227581E-002     2.2227581E-002
      0.457654     2.2217511E-002     2.2217511E-002
      0.460705     2.2207427E-002     2.2207427E-002
      0.463777     2.2197345E-002     2.2197345E-002
      0.466869     2.2187420E-002     2.2187420E-002
      0.469981     2.2177814E-002     2.2177814E-002
      0.473114     2.2167456E-002     2.2167456E-002
      0.476268     2.2157012E-002     2.2157012E-002
      0.479444     2.2146666E-002     2.2146666E-002
      0.482640     2.2136468E-002     2.2136468E-002
      0.485857     2.2126715E-002     2.2126715E-002
      0.489096     2.2116412E-002     2.2116412E-002
      0.492357     2.2105966E-002     2.2105966E-002
      0.495639     2.2095516E-002     2.2095516E-002
      0.498944     2.2085821E-002     2.2085821E-002
      0.502270     2.2083063E-002     2.2083063E-002
      0.505619     2.2075565E-002     2.2075565E-002
      0.508989     2.2062431E-002     2.2062431E-002
      0.512383     2.2046779E-002     2.2046779E-002
      0.515798     2.2034471E-002     2.2034471E-002
      0.519237     2.2023992E-002     2.2023992E-002
      0.522699     2.2013242E-002     2.2013242E-002
      0.526183     2.2002599E-002     2.2002599E-002
      0.529691     2.1992287E-002     2.1992287E-002
      0.533223     2.1981856E-002     2.1981856E-002
      0.536777     2.1972013E-002     2.1972013E-002
      0.540356     2.1967258E-002     2.1967258E-002
      0.543958     2.1957002E-002     2.1957002E-002
      0.547585     2.1948120E-002     2.1948120E-002
      0.551235     2.1941604E-002     2.1941604E-002
      0.554910     2.1925790E-002     2.1925790E-002
      0.558609     2.1910100E-002     2.1910100E-002
      0.562334     2.1898439E-002     2.1898439E-002
      0.566082     2.1889359E-002     2.1889359E-002
      0.569856     2.1890664E-002     2.1890664E-002
      0.573655     2.1878599E-002     2.1878599E-002
      0.577480     2.1866244E-002     2.1866244E-002
      0.581330     2.1854896E-002     2.1854896E-002
      0.585205     2.1856556E-002     2.1856556E-002
      0.589106     2.1968656E-002     2.1968656E-002
      0.593034     2.1884368E-002     2.1884368E-002
      0.596987     2.1858164E-002     2.1858164E-002
      0.600967     2.1829074E-002     2.1829074E-002
      0.604974     2.1801220E-002     2.1801220E-002
      0.609007     2.1779478E-002     2.1779478E-002
      0.613067     2.1762202E-002     2.1762202E-002
      0.617154     2.1749275E-002     2.1749275E-002
      0.621268     2.1738495E-002     2.1738495E-002
      0.625410     2.1734313E-002     2.1734313E-002
      0.629580     2.1727821E-002     2.1727821E-002
      0.633777     2.1720953E-002     2.1720953E-002
      0.638002     2.1715294E-002     2.1715294E-002
      0.642255     2.1751059E-002     2.1751059E-002
      0.646537     2.1802528E-002     2.1802528E-002
      0.650847     2.1771818E-002     2.1771818E-002
      0.655186     2.1722685E-002     2.1722685E-002
      0.659554     2.1683937E-002     2.1683937E-002
      0.663951     2.1646489E-002     2.1646489E-002
      0.668378     2.1622381E-002     2.1622381E-002
      0.672833     2.1606144E-002     2.1606144E-002
      0.677319     2.1597570E-002     2.1597570E-002
      0.681834     2.1597364E-002     2.1597364E-002
      0.686380     2.1593540E-002     2.1593540E-002
      0.690956     2.1635620E-002     2.1635620E-002
      0.695562     2.1661703E-002     2.1661703E-002
      0.700199     2.1667621E-002     2.1667621E-002
      0.704867     2.1666919E-002     2.1666919E-002
      0.709566     2.1656517E-002     2.1656517E-002
      0.714297     2.1675282E-002     2.1675282E-002
      0.719059     2.1796118E-002     2.1796118E-002
      0.723853     2.1750512E-002     2.1750512E-002
      0.728678     2.1781471E-002     2.1781471E-002
      0.733536     2.1714288E-002     2.1714288E-002
      0.738426     2.1641211E-002     2.1641211E-002
      0.743349     2.1551380E-002     2.1551380E-002
      0.748305     2.1494696E-002     2.1494696E-002
      0.753294     2.1473255E-002     2.1473255E-002
      0.758316     2.1513666E-002     2.1513666E-002
      0.763371     2.1541523E-002     2.1541523E-002
      0.768460     2.1608155E-002     2.1608155E-002
      0.773583     2.1512242E-002     2.1512242E-002
      0.778740     2.1563657E-002     2.1563657E-002
      0.783932     2.1843179E-002     2.1843179E-002
      0.789158     2.1843135E-002     2.1843135E-002
      0.794419     2.1836997E-002     2.1836997E-002
      0.799715     2.1727443E-002     2.1727443E-002
      0.805047     2.1613145E-002     2.1613145E-002
      0.810414     2.1642791E-002     2.1642791E-002
      0.815817     2.1680612E-002     2.1680612E-002
      0.821255     2.1614084E-002     2.1614084E-002
      0.826730     2.1534853E-002     2.1534853E-002
      0.832242     2.1561302E-002     2.1561302E-002
      0.837790     2.1570393E-002     2.1570393E-002
      0.843375     2.1524743E-002     2.1524743E-002
      0.848998     2.1534835E-002     2.1534835E-002
      0.854658     2.1749174E-002     2.1749174E-002
      0.860356     2.2002011E-002     2.2002011E-002
      0.866091     2.1986502E-002     2.1986502E-002
      0.871865     2.1962264E-002     2.1962264E-002
      0.877678     2.2234101E-002     2.2234101E-002
      0.883529     2.2535313E-002     2.2535313E-002
      0.889419     2.2612274E-002     2.2612274E-002
      0.895349     2.2570315E-002     2.2570315E-002
      0.901318     2.2416659E-002     2.2416659E-002
      0.907326     2.2155531E-002     2.2155531E-002
      0.913375     2.2020607E-002     2.2020607E-002
      0.919464     2.1918971E-002     2.1918971E-002
      0.925594     2.1985330E-002     2.1985330E-002
      0.931765     2.2171190E-002     2.2171190E-002
      0.937977     2.2127307E-002     2.2127307E-002
      0.944230     2.2017610E-002     2.2017610E-002
      0.950525     2.2006058E-002     2.2006058E-002
      0.956861     2.2039241E-002     2.2039241E-002
      0.963240     2.2069316E-002     2.2069316E-002
      0.969662     2.2122619E-002     2.2122619E-002
      0.976126     2.2256279E-002     2.2256279E-002
      0.982634     2.2346644E-002     2.2346644E-002
      0.989185     2.2436630E-002     2.2436630E-002
      0.995779     2.2457099E-002     2.2457099E-002
      1.002418     2.2465171E-002     2.2465171E-002
      1.009101     2.2468834E-002     2.2468834E-002
      1.015828     2.2548695E-002     2.2548695E-002
      1.022600     2.2603778E-002     2.2603778E-002
      1.029418     2.2533377E-002     2.2533377E-002
      1.036280     2.2487519E-002     2.2487519E-002
      1.043189     2.2297402E-002     2.2297402E-002
      1.050144     2.2160872E-002     2.2160872E-002
      1.057145     2.1973697E-002     2.1973697E-002
      1.064192     2.1883501E-002     2.1883501E-002
      1.071287     2.1878710E-002     2.1878710E-002
      1.078429     2.1855715E-002     2.1855715E-002
      1.085618     2.1911193E-002     2.1911193E-002
      1.092856     2.2018160E-002     2.2018160E-002
      1.100141     2.1997923E-002     2.1997923E-002
      1.107476     2.2249508E-002     2.2249508E-002
      1.114859     2.2485313E-002     2.2485313E-002
      1.122291     2.2800613E-002     2.2800613E-002
      1.129773     2.2773920E-002     2.2773920E-002
      1.137305     2.2842531E-002     2.2842531E-002
      1.144887     2.2832532E-002     2.2832532E-002
      1.152520     2.3049480E-002     2.3049480E-002
      1.160203     2.3032743E-002     2.3032743E-002
      1.167938     2.3009726E-002     2.3009726E-002
      1.175724     2.2918153E-002     2.2918153E-002
      1.183562     2.2854557E-002     2.2854557E-002
      1.191453     2.2829149E-002     2.2829149E-002
      1.199396     2.2782788E-002     2.2782788E-002
      1.207392     2.2751992E-002     2.2751992E-002
      1.215441     2.2675459E-002     2.2675459E-002
      1.223544     2.2585094E-002     2.2585094E-002
      1.231701     2.2421892E-002     2.2421892E-002
      1.239912     2.2263531E-002     2.2263531E-002
      1.248178     2.2146979E-002     2.2146979E-002
      1.256499     2.2071614E-002     2.2071614E-002
      1.264876     2.1863851E-002     2.1863851E-002
      1.273308     2.1985576E-002     2.1985576E-002
      1.281797     2.2184707E-002     2.2184707E-002
      1.290343     2.2334572E-002     2.2334572E-002
      1.298945     2.2422640E-002     2.2422640E-002
      1.307604     2.2568500E-002     2.2568500E-002
      1.316322     2.2670529E-002     2.2670529E-002
      1.325097     2.2673248E-002     2.2673248E-002
      1.333931     2.2917733E-002     2.2917733E-002
      1.342824     2.2887692E-002     2.2887692E-002
      1.351776     2.3035854E-002     2.3035854E-002
      1.360788     2.3116860E-002     2.3116860E-002
      1.369860     2.3081761E-002     2.3081761E-002
      1.378992     2.3131764E-002     2.3131764E-002
      1.388186     2.3109133E-002     2.3109133E-002
      1.397440     2.3085625E-002     2.3085625E-002
      1.406757     2.3074021E-002     2.3074021E-002
      1.416135     2.2955668E-002     2.2955668E-002
      1.425576     2.2891532E-002     2.2891532E-002
      1.435080     2.2859402E-002     2.2859402E-002
      1.444647     2.2773677E-002     2.2773677E-002
      1.454278     2.2698706E-002     2.2698706E-002
      1.463973     2.2814867E-002     2.2814867E-002
      1.473733     2.3002919E-002     2.3002919E-002
      1.483558     2.2988090E-002     2.2988090E-002
      1.493448     2.2993581E-002     2.2993581E-002
      1.503404     2.2936035E-002     2.2936035E-002
      1.513427     2.3039106E-002     2.3039106E-002
      1.523517     2.2905835E-002     2.2905835E-002
      1.533673     2.2814037E-002     2.2814037E-002
      1.543898     2.2738830E-002     2.2738830E-002
      1.554191     2.2624914E-002     2.2624914E-002
      1.564552     2.2426029E-002     2.2426029E-002
      1.574982     2.2306467E-002     2.2306467E-002
      1.585482     2.2242254E-002     2.2242254E-002
      1.596052     2.2216082E-002     2.2216082E-002
      1.606692     2.2353522E-002     2.2353522E-002
      1.617404     2.2575367E-002     2.2575367E-002
      1.628186     2.2750482E-002     2.2750482E-002
      1.639041     2.2751686E-002     2.2751686E-002
      1.649968     2.2861440E-002     2.2861440E-002
      1.660968     2.2837894E-002     2.2837894E-002
      1.672041     2.2960540E-002     2.2960540E-002
      1.683188     2.2836612E-002     2.2836612E-002
      1.694409     2.2992461E-002     2.2992461E-002
      1.705705     2.3098768E-002     2.3098768E-002
      1.717076     2.2879779E-002     2.2879779E-002
      1.728523     2.3012124E-002     2.3012124E-002
      1.740047     2.2925208E-002     2.2925208E-002
      1.751647     2.2862939E-002     2.2862939E-002
      1.763325     2.2866089E-002     2.2866089E-002
      1.775080     2.2857647E-002     2.2857647E-002
      1.786914     2.2902275E-002     2.2902275E-002
      1.798827     2.2839595E-002     2.2839595E-002
      1.810819     2.2732227E-002     2.2732227E-002
      1.822891     2.2734624E-002     2.2734624E-002
      1.835044     2.2767813E-002     2.2767813E-002
      1.847278     2.2724786E-002     2.2724786E-002
      1.859593     2.2674234E-002     2.2674234E-002
      1.871990     2.2701346E-002     2.2701346E-002
      1.884470     2.2581589E-002     2.2581589E-002
      1.897033     2.2653799E-002     2.2653799E-002
      1.909680     2.2773909E-002     2.2773909E-002
      1.922411     2.2865961E-002     2.2865961E-002
      1.935227     2.2905411E-002     2.2905411E-002
      1.948129     2.2926915E-002     2.2926915E-002
      1.961116     2.2899217E-002     2.2899217E-002
      1.974190     2.2908676E-002     2.2908676E-002
      1.987352     2.2834889E-002     2.2834889E-002
      2.000601     2.2770776E-002     2.2770776E-002
      2.013938     2.2802954E-002     2.2802954E-002
      2.027364     2.2735305E-002     2.2735305E-002
      2.040880     2.2630390E-002     2.2630390E-002
      2.054486     2.2518924E-002     2.2518924E-002
      2.068183     2.2421278E-002     2.2421278E-002
      2.081970     2.2352073E-002     2.2352073E-002
      2.095850     2.2314586E-002     2.2314586E-002
      2.109823     2.2310026E-002     2.2310026E-002
      2.123888     2.2391906E-002     2.2391906E-002
      2.138047     2.2464173E-002     2.2464173E-002
      2.152301     2.2589416E-002     2.2589416E-002
      2.166650     2.2776956E-002     2.2776956E-002
      2.181094     2.2745047E-002     2.2745047E-002
      2.195635     2.3113348E-002     2.3113348E-002
      2.210272     2.3083361E-002     2.3083361E-002
      2.225007     2.3067219E-002     2.3067219E-002
      2.239841     2.3226177E-002     2.3226177E-002
      2.254773     2.3332892E-002     2.3332892E-002
      2.269805     2.3296512E-002     2.3296512E-002
      2.284937     2.3333053E-002     2.3333053E-002
      2.300170     2.3370304E-002     2.3370304E-002
      2.315504     2.3319485E-002     2.3319485E-002
      2.330941     2.3347017E-002     2.3347017E-002
      2.346480     2.3362252E-002     2.3362252E-002
      2.362124     2.3255465E-002     2.3255465E-002
      2.377871     2.3333281E-002     2.3333281E-002
      2.393724     2.3201781E-002     2.3201781E-002
      2.409682     2.3067435E-002     2.3067435E-002
      2.425746     2.3164208E-002     2.3164208E-002
      2.441918     2.3032120E-002     2.3032120E-002
      2.458197     2.2923344E-002     2.2923344E-002
      2.474585     2.2877488E-002     2.2877488E-002
      2.491083     2.2791299E-002     2.2791299E-002
      2.507690     2.2744153E-002     2.2744153E-002
      2.524408     2.2733845E-002     2.2733845E-002
      2.541237     2.2779676E-002     2.2779676E-002
      2.558179     2.2904465E-002     2.2904465E-002
      2.575233     2.2910912E-002     2.2910912E-002
      2.592402     2.2980489E-002     2.2980489E-002
      2.609684     2.2896168E-002     2.2896168E-002
      2.627082     2.2787931E-002     2.2787931E-002
      2.644596     2.2639824E-002     2.2639824E-002
      2.662227     2.2817220E-002     2.2817220E-002
      2.679975     2.2817147E-002     2.2817147E-002
      2.697841     2.2696661E-002     2.2696661E-002
      2.715827     2.2754320E-002     2.2754320E-002
      2.733932     2.2654940E-002     2.2654940E-002
      2.752159     2.2691997E-002     2.2691997E-002
      2.770506     2.2836903E-002     2.2836903E-002
      2.788976     2.2840400E-002     2.2840400E-002
      2.807570     2.2899238E-002     2.2899238E-002
      2.826287     2.2908184E-002     2.2908184E-002
      2.845129     2.2903655E-002     2.2903655E-002
      2.864096     2.2884635E-002     2.2884635E-002
      2.883190     2.2863237E-002     2.2863237E-002
      2.902411     2.2925454E-002     2.2925454E-002
      2.921761     2.2880134E-002     2.2880134E-002
      2.941239     2.2842473E-002     2.2842473E-002
      2.960847     2.2874106E-002     2.2874106E-002
      2.980586     2.2836662E-002     2.2836662E-002
      3.000457     2.3137537E-002     2.3137537E-002
      3.020460     2.2874514E-002     2.2874514E-002
      3.040596     2.2833028E-002     2.2833028E-002
      3.060867     2.2814807E-002     2.2814807E-002
      3.081273     2.2844286E-002     2.2844286E-002
      3.101815     2.2939500E-002     2.2939500E-002
      3.122493     2.2928447E-002     2.2928447E-002
      3.143310     2.3002467E-002     2.3002467E-002
      3.164265     2.3100496E-002     2.3100496E-002
      3.185361     2.3160743E-002     2.3160743E-002
      3.206596     2.3212390E-002     2.3212390E-002
      3.227974     2.3188958E-002     2.3188958E-002
      3.249493     2.3230126E-002     2.3230126E-002
      3.271157     2.3049730E-002     2.3049730E-002
      3.292964     2.2978762E-002     2.2978762E-002
      3.314918     2.3581311E-002     2.3581311E-002
      3.337017     2.3327444E-002     2.3327444E-002
      3.359264     2.3113706E-002     2.3113706E-002
      3.381659     2.3137563E-002     2.3137563E-002
      3.404203     2.3129135E-002     2.3129135E-002
      3.426898     2.3139685E-002     2.3139685E-002
      3.449744     2.3168603E-002     2.3168603E-002
      3.472742     2.3172073E-002     2.3172073E-002
      3.495894     2.3058440E-002     2.3058440E-002
      3.519200     2.3010863E-002     2.3010863E-002
      3.542661     2.2982482E-002     2.2982482E-002
      3.566279     2.2930131E-002     2.2930131E-002
      3.590054     2.2989602E-002     2.2989602E-002
      3.613988     2.3003074E-002     2.3003074E-002
      3.638081     2.2867634E-002     2.2867634E-002
      3.662335     2.2787759E-002     2.2787759E-002
      3.686750     2.2768164E-002     2.2768164E-002
      3.711329     2.2731367E-002     2.2731367E-002
      3.736071     2.2764305E-002     2.2764305E-002
      3.760978     2.2679130E-002     2.2679130E-002
      3.786051     2.2757653E-002     2.2757653E-002
      3.811292     2.2598947E-002     2.2598947E-002
      3.836700     2.2647707E-002     2.2647707E-002
      3.862278     2.2708964E-002     2.2708964E-002
      3.888027     2.2658336E-002     2.2658336E-002
      3.913947     2.2622436E-002     2.2622436E-002
      3.940040     2.2564828E-002     2.2564828E-002
      3.966307     2.2564937E-002     2.2564937E-002
      3.992749     2.2482210E-002     2.2482210E-002
      4.019367     2.2461899E-002     2.2461899E-002
      4.046163     2.2458499E-002     2.2458499E-002
      4.073137     2.2390147E-002     2.2390147E-002
      4.100292     2.2348607E-002     2.2348607E-002
      4.127627     2.2300801E-002     2.2300801E-002
      4.155145     2.2279000E-002     2.2279000E-002
      4.182845     2.2236398E-002     2.2236398E-002
      4.210731     2.2320086E-002     2.2320086E-002
      4.238803     2.2209366E-002     2.2209366E-002
      4.267061     2.2163451E-002     2.2163451E-002
      4.295508     2.2077839E-002     2.2077839E-002
      4.324145     2.1998949E-002     2.1998949E-002
      4.352973     2.2046405E-002     2.2046405E-002
      4.381993     2.2012362E-002     2.2012362E-002
      4.411206     2.1935858E-002     2.1935858E-002
      4.440614     2.2031050E-002     2.2031050E-002
      4.470218     2.1954684E-002     2.1954684E-002
      4.500019     2.1907652E-002     2.1907652E-002
      4.530020     2.1955042E-002     2.1955042E-002
      4.560220     2.1866626E-002     2.1866626E-002
      4.590621     2.1811156E-002     2.1811156E-002
      4.621225     2.1867796E-002     2.1867796E-002
      4.652033     2.1882920E-002     2.1882920E-002
      4.683047     2.1902819E-002     2.1902819E-002
      4.714267     2.1918771E-002     2.1918771E-002
      4.745696     2.1833152E-002     2.1833152E-002
      4.777334     2.1994555E-002     2.1994555E-002
      4.809183     2.1889576E-002     2.1889576E-002
      4.841244     2.1986822E-002     2.1986822E-002
      4.873519     2.1882142E-002     2.1882142E-002
      4.906009     2.2009506E-002     2.2009506E-002
      4.938716     2.2069986E-002     2.2069986E-002
      4.971640     2.2065169E-002     2.2065169E-002
